WAFER_ID,SiteID,X,Y,DEVICE_ID,PARAM_NAME,MEASUREMENT
W26M,051Z,50076,51851.8,A1,R0,4.258607
W26M,051Z,50076,51851.8,A5,R0,4.461638
W26M,051Z,50076,51851.8,A8,R0,3.845306
W26M,051Z,50076,51851.8,AC,R0,4.252938
W26M,051Z,50076,51851.8,A1,RMAX,7.892077
W26M,051Z,50076,51851.8,A5,RMAX,8.270986
W26M,051Z,50076,51851.8,A8,RMAX,5.9198
W26M,051Z,50076,51851.8,AC,RMAX,7.657781
W26M,051Z,50076,51851.8,A1,RMIN,4.209154
W26M,051Z,50076,51851.8,A5,RMIN,4.364628
W26M,051Z,50076,51851.8,A8,RMIN,3.281022
W26M,051Z,50076,51851.8,AC,RMIN,3.840412
W3X6,051Z,50076,51851.8,A1,R0,4.130825
W3X6,051Z,50076,51851.8,A5,R0,4.529549
W3X6,051Z,50076,51851.8,A8,R0,3.793858
W3X6,051Z,50076,51851.8,AC,R0,4.630637
W3X6,051Z,50076,51851.8,A1,RMAX,7.54242
W3X6,051Z,50076,51851.8,A5,RMAX,8.070229
W3X6,051Z,50076,51851.8,A8,RMAX,5.604784
W3X6,051Z,50076,51851.8,AC,RMAX,7.388685
W3X6,051Z,50076,51851.8,A1,RMIN,4.080009
W3X6,051Z,50076,51851.8,A5,RMIN,4.361856
W3X6,051Z,50076,51851.8,A8,RMIN,3.218051
W3X6,051Z,50076,51851.8,AC,RMIN,3.74154
W3X9,051Z,50076,51851.8,A1,R0,4.288123
W3X9,051Z,50076,51851.8,A5,R0,4.579981
W3X9,051Z,50076,51851.8,A8,R0,3.93431
W3X9,051Z,50076,51851.8,AC,R0,4.158374
W3X9,051Z,50076,51851.8,A1,RMAX,7.875399
W3X9,051Z,50076,51851.8,A5,RMAX,8.43042
W3X9,051Z,50076,51851.8,A8,RMAX,5.991961
W3X9,051Z,50076,51851.8,AC,RMAX,7.885597
W3X9,051Z,50076,51851.8,A1,RMIN,4.226015
W3X9,051Z,50076,51851.8,A5,RMIN,4.475143
W3X9,051Z,50076,51851.8,A8,RMIN,3.340239
W3X9,051Z,50076,51851.8,AC,RMIN,3.975432
W4PM,051Z,50076,51851.8,A1,R0,3.859334
W4PM,051Z,50076,51851.8,A5,R0,4.157276
W4PM,051Z,50076,51851.8,A8,R0,3.280189
W4PM,051Z,50076,51851.8,AC,R0,3.681663
W4PM,051Z,50076,51851.8,A1,RMAX,6.801413
W4PM,051Z,50076,51851.8,A5,RMAX,7.451404
W4PM,051Z,50076,51851.8,A8,RMAX,5.019661
W4PM,051Z,50076,51851.8,AC,RMAX,6.731082
W4PM,051Z,50076,51851.8,A1,RMIN,3.827205
W4PM,051Z,50076,51851.8,A5,RMIN,4.074644
W4PM,051Z,50076,51851.8,A8,RMIN,2.80949
W4PM,051Z,50076,51851.8,AC,RMIN,3.469141
W4WH,051Z,50076,51851.8,A1,R0,3.891441
W4WH,051Z,50076,51851.8,A5,R0,4.130571
W4WH,051Z,50076,51851.8,A8,R0,3.245266
W4WH,051Z,50076,51851.8,AC,R0,3.64134
W4WH,051Z,50076,51851.8,A1,RMAX,6.952168
W4WH,051Z,50076,51851.8,A5,RMAX,7.421541
W4WH,051Z,50076,51851.8,A8,RMAX,5.05974
W4WH,051Z,50076,51851.8,AC,RMAX,6.772745
W4WH,051Z,50076,51851.8,A1,RMIN,3.857664
W4WH,051Z,50076,51851.8,A5,RMIN,4.051296
W4WH,051Z,50076,51851.8,A8,RMIN,2.80804
W4WH,051Z,50076,51851.8,AC,RMIN,3.49466
W26M,151Z,-42372,77841.4,A1,R0,4.055137
W26M,151Z,-42372,77841.4,A5,R0,4.433392
W26M,151Z,-42372,77841.4,A8,R0,3.496805
W26M,151Z,-42372,77841.4,AC,R0,4.313324
W26M,151Z,-42372,77841.4,A1,RMAX,7.432693
W26M,151Z,-42372,77841.4,A5,RMAX,8.136358
W26M,151Z,-42372,77841.4,A8,RMAX,5.611528
W26M,151Z,-42372,77841.4,AC,RMAX,7.350354
W26M,151Z,-42372,77841.4,A1,RMIN,3.99768
W26M,151Z,-42372,77841.4,A5,RMIN,4.31478
W26M,151Z,-42372,77841.4,A8,RMIN,3.004941
W26M,151Z,-42372,77841.4,AC,RMIN,3.690242
W3X6,151Z,-42372,77841.4,A1,R0,3.87958
W3X6,151Z,-42372,77841.4,A5,R0,4.356206
W3X6,151Z,-42372,77841.4,A8,R0,3.496818
W3X6,151Z,-42372,77841.4,AC,R0,4.120961
W3X6,151Z,-42372,77841.4,A1,RMAX,7.186885
W3X6,151Z,-42372,77841.4,A5,RMAX,7.899955
W3X6,151Z,-42372,77841.4,A8,RMAX,5.426528
W3X6,151Z,-42372,77841.4,AC,RMAX,7.120027
W3X6,151Z,-42372,77841.4,A1,RMIN,3.833954
W3X6,151Z,-42372,77841.4,A5,RMIN,4.234497
W3X6,151Z,-42372,77841.4,A8,RMIN,2.981572
W3X6,151Z,-42372,77841.4,AC,RMIN,3.582868
W3X9,151Z,-42372,77841.4,A1,R0,4.028647
W3X9,151Z,-42372,77841.4,A5,R0,4.351492
W3X9,151Z,-42372,77841.4,A8,R0,3.412787
W3X9,151Z,-42372,77841.4,AC,R0,3.880642
W3X9,151Z,-42372,77841.4,A1,RMAX,7.407633
W3X9,151Z,-42372,77841.4,A5,RMAX,8.005027
W3X9,151Z,-42372,77841.4,A8,RMAX,5.397835
W3X9,151Z,-42372,77841.4,AC,RMAX,7.511228
W3X9,151Z,-42372,77841.4,A1,RMIN,3.98191
W3X9,151Z,-42372,77841.4,A5,RMIN,4.242399
W3X9,151Z,-42372,77841.4,A8,RMIN,2.969616
W3X9,151Z,-42372,77841.4,AC,RMIN,3.762503
W4PM,151Z,-42372,77841.4,A1,R0,3.702374
W4PM,151Z,-42372,77841.4,A5,R0,4.103823
W4PM,151Z,-42372,77841.4,A8,R0,3.073862
W4PM,151Z,-42372,77841.4,AC,R0,3.629284
W4PM,151Z,-42372,77841.4,A1,RMAX,6.633003
W4PM,151Z,-42372,77841.4,A5,RMAX,7.346888
W4PM,151Z,-42372,77841.4,A8,RMAX,4.811837
W4PM,151Z,-42372,77841.4,AC,RMAX,6.578914
W4PM,151Z,-42372,77841.4,A1,RMIN,3.6685
W4PM,151Z,-42372,77841.4,A5,RMIN,4.027278
W4PM,151Z,-42372,77841.4,A8,RMIN,2.701571
W4PM,151Z,-42372,77841.4,AC,RMIN,3.423848
W4WH,151Z,-42372,77841.4,A1,R0,3.737275
W4WH,151Z,-42372,77841.4,A5,R0,4.118886
W4WH,151Z,-42372,77841.4,A8,R0,3.189204
W4WH,151Z,-42372,77841.4,AC,R0,3.568268
W4WH,151Z,-42372,77841.4,A1,RMAX,6.592547
W4WH,151Z,-42372,77841.4,A5,RMAX,7.365157
W4WH,151Z,-42372,77841.4,A8,RMAX,5.055058
W4WH,151Z,-42372,77841.4,AC,RMAX,6.681263
W4WH,151Z,-42372,77841.4,A1,RMIN,3.703469
W4WH,151Z,-42372,77841.4,A5,RMIN,4.03766
W4WH,151Z,-42372,77841.4,A8,RMIN,2.770656
W4WH,151Z,-42372,77841.4,AC,RMIN,3.459509
W26M,251Z,-19260,77841.4,A1,R0,4.258419
W26M,251Z,-19260,77841.4,A5,R0,4.505544
W26M,251Z,-19260,77841.4,A8,R0,3.831149
W26M,251Z,-19260,77841.4,AC,R0,4.343778
W26M,251Z,-19260,77841.4,A1,RMAX,7.946709
W26M,251Z,-19260,77841.4,A5,RMAX,8.24869
W26M,251Z,-19260,77841.4,A8,RMAX,6.012134
W26M,251Z,-19260,77841.4,AC,RMAX,7.69845
W26M,251Z,-19260,77841.4,A1,RMIN,4.206637
W26M,251Z,-19260,77841.4,A5,RMIN,4.395495
W26M,251Z,-19260,77841.4,A8,RMIN,3.230157
W26M,251Z,-19260,77841.4,AC,RMIN,3.853354
W3X6,251Z,-19260,77841.4,A1,R0,4.048529
W3X6,251Z,-19260,77841.4,A5,R0,4.427732
W3X6,251Z,-19260,77841.4,A8,R0,3.831973
W3X6,251Z,-19260,77841.4,AC,R0,4.315743
W3X6,251Z,-19260,77841.4,A1,RMAX,7.500546
W3X6,251Z,-19260,77841.4,A5,RMAX,8.121864
W3X6,251Z,-19260,77841.4,A8,RMAX,5.741634
W3X6,251Z,-19260,77841.4,AC,RMAX,7.42013
W3X6,251Z,-19260,77841.4,A1,RMIN,4.007432
W3X6,251Z,-19260,77841.4,A5,RMIN,4.321701
W3X6,251Z,-19260,77841.4,A8,RMIN,3.242219
W3X6,251Z,-19260,77841.4,AC,RMIN,3.73475
W3X9,251Z,-19260,77841.4,A1,R0,4.214185
W3X9,251Z,-19260,77841.4,A5,R0,4.526031
W3X9,251Z,-19260,77841.4,A8,R0,3.632526
W3X9,251Z,-19260,77841.4,AC,R0,4.26567
W3X9,251Z,-19260,77841.4,A1,RMAX,7.836324
W3X9,251Z,-19260,77841.4,A5,RMAX,8.271881
W3X9,251Z,-19260,77841.4,A8,RMAX,5.631199
W3X9,251Z,-19260,77841.4,AC,RMAX,7.759368
W3X9,251Z,-19260,77841.4,A1,RMIN,4.172475
W3X9,251Z,-19260,77841.4,A5,RMIN,4.404493
W3X9,251Z,-19260,77841.4,A8,RMIN,3.115
W3X9,251Z,-19260,77841.4,AC,RMIN,3.89883
W4PM,251Z,-19260,77841.4,A1,R0,3.887886
W4PM,251Z,-19260,77841.4,A5,R0,4.264827
W4PM,251Z,-19260,77841.4,A8,R0,3.380034
W4PM,251Z,-19260,77841.4,AC,R0,3.734703
W4PM,251Z,-19260,77841.4,A1,RMAX,6.912062
W4PM,251Z,-19260,77841.4,A5,RMAX,7.610139
W4PM,251Z,-19260,77841.4,A8,RMAX,5.294227
W4PM,251Z,-19260,77841.4,AC,RMAX,6.937515
W4PM,251Z,-19260,77841.4,A1,RMIN,3.849773
W4PM,251Z,-19260,77841.4,A5,RMIN,4.184827
W4PM,251Z,-19260,77841.4,A8,RMIN,2.924898
W4PM,251Z,-19260,77841.4,AC,RMIN,3.553142
W4WH,251Z,-19260,77841.4,A1,R0,4.116364
W4WH,251Z,-19260,77841.4,A5,R0,4.231888
W4WH,251Z,-19260,77841.4,A8,R0,3.46151
W4WH,251Z,-19260,77841.4,AC,R0,3.690147
W4WH,251Z,-19260,77841.4,A1,RMAX,7.084044
W4WH,251Z,-19260,77841.4,A5,RMAX,7.5578
W4WH,251Z,-19260,77841.4,A8,RMAX,5.313645
W4WH,251Z,-19260,77841.4,AC,RMAX,6.912236
W4WH,251Z,-19260,77841.4,A1,RMIN,3.947267
W4WH,251Z,-19260,77841.4,A5,RMIN,4.139681
W4WH,251Z,-19260,77841.4,A8,RMIN,2.971772
W4WH,251Z,-19260,77841.4,AC,RMIN,3.580761
W26M,351Z,3852,77841.4,A1,R0,4.321343
W26M,351Z,3852,77841.4,A5,R0,4.601893
W26M,351Z,3852,77841.4,A8,R0,3.821727
W26M,351Z,3852,77841.4,AC,R0,4.040344
W26M,351Z,3852,77841.4,A1,RMAX,7.979012
W26M,351Z,3852,77841.4,A5,RMAX,8.460681
W26M,351Z,3852,77841.4,A8,RMAX,5.804026
W26M,351Z,3852,77841.4,AC,RMAX,7.888786
W26M,351Z,3852,77841.4,A1,RMIN,4.267859
W26M,351Z,3852,77841.4,A5,RMIN,4.49261
W26M,351Z,3852,77841.4,A8,RMIN,3.273903
W26M,351Z,3852,77841.4,AC,RMIN,3.907138
W3X6,351Z,3852,77841.4,A1,R0,4.167971
W3X6,351Z,3852,77841.4,A5,R0,4.56839
W3X6,351Z,3852,77841.4,A8,R0,3.74327
W3X6,351Z,3852,77841.4,AC,R0,4.272298
W3X6,351Z,3852,77841.4,A1,RMAX,7.742587
W3X6,351Z,3852,77841.4,A5,RMAX,8.40461
W3X6,351Z,3852,77841.4,A8,RMAX,5.586349
W3X6,351Z,3852,77841.4,AC,RMAX,7.504232
W3X6,351Z,3852,77841.4,A1,RMIN,4.11404
W3X6,351Z,3852,77841.4,A5,RMIN,4.450315
W3X6,351Z,3852,77841.4,A8,RMIN,3.210016
W3X6,351Z,3852,77841.4,AC,RMIN,3.757841
W3X9,351Z,3852,77841.4,A1,R0,4.149748
W3X9,351Z,3852,77841.4,A5,R0,4.558092
W3X9,351Z,3852,77841.4,A8,R0,3.612152
W3X9,351Z,3852,77841.4,AC,R0,4.091787
W3X9,351Z,3852,77841.4,A1,RMAX,7.667523
W3X9,351Z,3852,77841.4,A5,RMAX,8.377368
W3X9,351Z,3852,77841.4,A8,RMAX,5.508016
W3X9,351Z,3852,77841.4,AC,RMAX,7.808356
W3X9,351Z,3852,77841.4,A1,RMIN,4.105854
W3X9,351Z,3852,77841.4,A5,RMIN,4.460146
W3X9,351Z,3852,77841.4,A8,RMIN,3.118694
W3X9,351Z,3852,77841.4,AC,RMIN,3.922501
W4PM,351Z,3852,77841.4,A1,R0,3.91243
W4PM,351Z,3852,77841.4,A5,R0,4.258894
W4PM,351Z,3852,77841.4,A8,R0,3.303505
W4PM,351Z,3852,77841.4,AC,R0,3.667258
W4PM,351Z,3852,77841.4,A1,RMAX,7.054971
W4PM,351Z,3852,77841.4,A5,RMAX,7.534061
W4PM,351Z,3852,77841.4,A8,RMAX,5.182439
W4PM,351Z,3852,77841.4,AC,RMAX,6.927294
W4PM,351Z,3852,77841.4,A1,RMIN,3.876035
W4PM,351Z,3852,77841.4,A5,RMIN,4.169991
W4PM,351Z,3852,77841.4,A8,RMIN,2.864728
W4PM,351Z,3852,77841.4,AC,RMIN,3.540684
W4WH,351Z,3852,77841.4,A1,R0,3.986771
W4WH,351Z,3852,77841.4,A5,R0,4.348358
W4WH,351Z,3852,77841.4,A8,R0,3.42868
W4WH,351Z,3852,77841.4,AC,R0,4.004763
W4WH,351Z,3852,77841.4,A1,RMAX,7.054404
W4WH,351Z,3852,77841.4,A5,RMAX,7.81428
W4WH,351Z,3852,77841.4,A8,RMAX,5.249259
W4WH,351Z,3852,77841.4,AC,RMAX,6.989119
W4WH,351Z,3852,77841.4,A1,RMIN,3.942055
W4WH,351Z,3852,77841.4,A5,RMIN,4.226701
W4WH,351Z,3852,77841.4,A8,RMIN,2.970779
W4WH,351Z,3852,77841.4,AC,RMIN,3.592148
W26M,451Z,26964,77841.4,A1,R0,4.336178
W26M,451Z,26964,77841.4,A5,R0,4.598918
W26M,451Z,26964,77841.4,A8,R0,3.846617
W26M,451Z,26964,77841.4,AC,R0,3.969865
W26M,451Z,26964,77841.4,A1,RMAX,7.938453
W26M,451Z,26964,77841.4,A5,RMAX,8.386041
W26M,451Z,26964,77841.4,A8,RMAX,5.888099
W26M,451Z,26964,77841.4,AC,RMAX,7.533907
W26M,451Z,26964,77841.4,A1,RMIN,4.282575
W26M,451Z,26964,77841.4,A5,RMIN,4.494349
W26M,451Z,26964,77841.4,A8,RMIN,3.259619
W26M,451Z,26964,77841.4,AC,RMIN,3.775445
W3X6,451Z,26964,77841.4,A1,R0,4.200114
W3X6,451Z,26964,77841.4,A5,R0,4.52274
W3X6,451Z,26964,77841.4,A8,R0,3.905595
W3X6,451Z,26964,77841.4,AC,R0,4.440197
W3X6,451Z,26964,77841.4,A1,RMAX,7.79253
W3X6,451Z,26964,77841.4,A5,RMAX,8.271727
W3X6,451Z,26964,77841.4,A8,RMAX,5.768666
W3X6,451Z,26964,77841.4,AC,RMAX,7.500472
W3X6,451Z,26964,77841.4,A1,RMIN,4.152544
W3X6,451Z,26964,77841.4,A5,RMIN,4.416136
W3X6,451Z,26964,77841.4,A8,RMIN,3.318479
W3X6,451Z,26964,77841.4,AC,RMIN,3.788535
W3X9,451Z,26964,77841.4,A1,R0,4.274695
W3X9,451Z,26964,77841.4,A5,R0,4.522605
W3X9,451Z,26964,77841.4,A8,R0,3.684955
W3X9,451Z,26964,77841.4,AC,R0,4.220663
W3X9,451Z,26964,77841.4,A1,RMAX,7.920672
W3X9,451Z,26964,77841.4,A5,RMAX,8.29465
W3X9,451Z,26964,77841.4,A8,RMAX,5.699449
W3X9,451Z,26964,77841.4,AC,RMAX,7.94034
W3X9,451Z,26964,77841.4,A1,RMIN,4.22095
W3X9,451Z,26964,77841.4,A5,RMIN,4.400678
W3X9,451Z,26964,77841.4,A8,RMIN,3.147518
W3X9,451Z,26964,77841.4,AC,RMIN,3.946396
W4PM,451Z,26964,77841.4,A1,R0,3.889083
W4PM,451Z,26964,77841.4,A5,R0,4.175222
W4PM,451Z,26964,77841.4,A8,R0,3.291037
W4PM,451Z,26964,77841.4,AC,R0,3.711973
W4PM,451Z,26964,77841.4,A1,RMAX,6.932542
W4PM,451Z,26964,77841.4,A5,RMAX,7.493889
W4PM,451Z,26964,77841.4,A8,RMAX,5.10223
W4PM,451Z,26964,77841.4,AC,RMAX,6.833812
W4PM,451Z,26964,77841.4,A1,RMIN,3.849706
W4PM,451Z,26964,77841.4,A5,RMIN,4.077665
W4PM,451Z,26964,77841.4,A8,RMIN,2.832628
W4PM,451Z,26964,77841.4,AC,RMIN,3.503133
W4WH,451Z,26964,77841.4,A1,R0,3.947632
W4WH,451Z,26964,77841.4,A5,R0,4.226424
W4WH,451Z,26964,77841.4,A8,R0,3.334703
W4WH,451Z,26964,77841.4,AC,R0,3.819003
W4WH,451Z,26964,77841.4,A1,RMAX,7.048154
W4WH,451Z,26964,77841.4,A5,RMAX,7.548195
W4WH,451Z,26964,77841.4,A8,RMAX,5.216416
W4WH,451Z,26964,77841.4,AC,RMAX,6.895051
W4WH,451Z,26964,77841.4,A1,RMIN,3.909857
W4WH,451Z,26964,77841.4,A5,RMIN,4.156209
W4WH,451Z,26964,77841.4,A8,RMIN,2.869458
W4WH,451Z,26964,77841.4,AC,RMIN,3.559613
W26M,551Z,-65484,51851.8,A1,R0,4.148249
W26M,551Z,-65484,51851.8,A5,R0,4.493218
W26M,551Z,-65484,51851.8,A8,R0,3.765785
W26M,551Z,-65484,51851.8,AC,R0,4.031245
W26M,551Z,-65484,51851.8,A1,RMAX,7.646777
W26M,551Z,-65484,51851.8,A5,RMAX,8.200302
W26M,551Z,-65484,51851.8,A8,RMAX,5.818728
W26M,551Z,-65484,51851.8,AC,RMAX,7.560009
W26M,551Z,-65484,51851.8,A1,RMIN,4.096362
W26M,551Z,-65484,51851.8,A5,RMIN,4.384503
W26M,551Z,-65484,51851.8,A8,RMIN,3.223014
W26M,551Z,-65484,51851.8,AC,RMIN,3.78677
W3X6,551Z,-65484,51851.8,A1,R0,3.883555
W3X6,551Z,-65484,51851.8,A5,R0,4.293762
W3X6,551Z,-65484,51851.8,A8,R0,3.495371
W3X6,551Z,-65484,51851.8,AC,R0,3.877608
W3X6,551Z,-65484,51851.8,A1,RMAX,7.203262
W3X6,551Z,-65484,51851.8,A5,RMAX,7.863405
W3X6,551Z,-65484,51851.8,A8,RMAX,5.346467
W3X6,551Z,-65484,51851.8,AC,RMAX,7.10222
W3X6,551Z,-65484,51851.8,A1,RMIN,3.851354
W3X6,551Z,-65484,51851.8,A5,RMIN,4.210373
W3X6,551Z,-65484,51851.8,A8,RMIN,3.04982
W3X6,551Z,-65484,51851.8,AC,RMIN,3.563219
W3X9,551Z,-65484,51851.8,A1,R0,4.04466
W3X9,551Z,-65484,51851.8,A5,R0,4.406762
W3X9,551Z,-65484,51851.8,A8,R0,3.599021
W3X9,551Z,-65484,51851.8,AC,R0,4.152193
W3X9,551Z,-65484,51851.8,A1,RMAX,7.233914
W3X9,551Z,-65484,51851.8,A5,RMAX,8.047524
W3X9,551Z,-65484,51851.8,A8,RMAX,5.54535
W3X9,551Z,-65484,51851.8,AC,RMAX,7.783553
W3X9,551Z,-65484,51851.8,A1,RMIN,4.005194
W3X9,551Z,-65484,51851.8,A5,RMIN,4.29993
W3X9,551Z,-65484,51851.8,A8,RMIN,3.084405
W3X9,551Z,-65484,51851.8,AC,RMIN,3.882544
W4PM,551Z,-65484,51851.8,A1,R0,3.823531
W4PM,551Z,-65484,51851.8,A5,R0,4.111857
W4PM,551Z,-65484,51851.8,A8,R0,3.247069
W4PM,551Z,-65484,51851.8,AC,R0,3.635482
W4PM,551Z,-65484,51851.8,A1,RMAX,6.709604
W4PM,551Z,-65484,51851.8,A5,RMAX,7.311721
W4PM,551Z,-65484,51851.8,A8,RMAX,5.026696
W4PM,551Z,-65484,51851.8,AC,RMAX,6.812082
W4PM,551Z,-65484,51851.8,A1,RMIN,3.781091
W4PM,551Z,-65484,51851.8,A5,RMIN,4.0302
W4PM,551Z,-65484,51851.8,A8,RMIN,2.842471
W4PM,551Z,-65484,51851.8,AC,RMIN,3.518027
W4WH,551Z,-65484,51851.8,A1,R0,3.881964
W4WH,551Z,-65484,51851.8,A5,R0,4.156299
W4WH,551Z,-65484,51851.8,A8,R0,3.337208
W4WH,551Z,-65484,51851.8,AC,R0,3.599023
W4WH,551Z,-65484,51851.8,A1,RMAX,6.906837
W4WH,551Z,-65484,51851.8,A5,RMAX,7.437647
W4WH,551Z,-65484,51851.8,A8,RMAX,5.225307
W4WH,551Z,-65484,51851.8,AC,RMAX,6.684336
W4WH,551Z,-65484,51851.8,A1,RMIN,3.837189
W4WH,551Z,-65484,51851.8,A5,RMIN,4.08866
W4WH,551Z,-65484,51851.8,A8,RMIN,2.879565
W4WH,551Z,-65484,51851.8,AC,RMIN,3.454382
W26M,651Z,-42372,51851.8,A1,R0,4.26623
W26M,651Z,-42372,51851.8,A5,R0,4.586258
W26M,651Z,-42372,51851.8,A8,R0,3.813409
W26M,651Z,-42372,51851.8,AC,R0,3.97171
W26M,651Z,-42372,51851.8,A1,RMAX,7.95281
W26M,651Z,-42372,51851.8,A5,RMAX,8.432416
W26M,651Z,-42372,51851.8,A8,RMAX,5.834327
W26M,651Z,-42372,51851.8,AC,RMAX,7.573511
W26M,651Z,-42372,51851.8,A1,RMIN,4.218086
W26M,651Z,-42372,51851.8,A5,RMIN,4.475561
W26M,651Z,-42372,51851.8,A8,RMIN,3.272374
W26M,651Z,-42372,51851.8,AC,RMIN,3.802758
W3X6,651Z,-42372,51851.8,A1,R0,4.052403
W3X6,651Z,-42372,51851.8,A5,R0,4.434913
W3X6,651Z,-42372,51851.8,A8,R0,3.76361
W3X6,651Z,-42372,51851.8,AC,R0,4.629617
W3X6,651Z,-42372,51851.8,A1,RMAX,7.638324
W3X6,651Z,-42372,51851.8,A5,RMAX,8.126796
W3X6,651Z,-42372,51851.8,A8,RMAX,5.778196
W3X6,651Z,-42372,51851.8,AC,RMAX,7.448416
W3X6,651Z,-42372,51851.8,A1,RMIN,4.016453
W3X6,651Z,-42372,51851.8,A5,RMIN,4.32009
W3X6,651Z,-42372,51851.8,A8,RMIN,3.181594
W3X6,651Z,-42372,51851.8,AC,RMIN,3.725013
W3X9,651Z,-42372,51851.8,A1,R0,4.196581
W3X9,651Z,-42372,51851.8,A5,R0,4.5459
W3X9,651Z,-42372,51851.8,A8,R0,3.728531
W3X9,651Z,-42372,51851.8,AC,R0,4.054277
W3X9,651Z,-42372,51851.8,A1,RMAX,7.744973
W3X9,651Z,-42372,51851.8,A5,RMAX,8.267094
W3X9,651Z,-42372,51851.8,A8,RMAX,5.754957
W3X9,651Z,-42372,51851.8,AC,RMAX,7.709298
W3X9,651Z,-42372,51851.8,A1,RMIN,4.144951
W3X9,651Z,-42372,51851.8,A5,RMIN,4.378037
W3X9,651Z,-42372,51851.8,A8,RMIN,3.181819
W3X9,651Z,-42372,51851.8,AC,RMIN,3.831391
W4PM,651Z,-42372,51851.8,A1,R0,3.89791
W4PM,651Z,-42372,51851.8,A5,R0,4.219131
W4PM,651Z,-42372,51851.8,A8,R0,3.339332
W4PM,651Z,-42372,51851.8,AC,R0,3.704733
W4PM,651Z,-42372,51851.8,A1,RMAX,7.063265
W4PM,651Z,-42372,51851.8,A5,RMAX,7.525223
W4PM,651Z,-42372,51851.8,A8,RMAX,5.125884
W4PM,651Z,-42372,51851.8,AC,RMAX,6.894183
W4PM,651Z,-42372,51851.8,A1,RMIN,3.846906
W4PM,651Z,-42372,51851.8,A5,RMIN,4.116763
W4PM,651Z,-42372,51851.8,A8,RMIN,2.885452
W4PM,651Z,-42372,51851.8,AC,RMIN,3.523797
W4WH,651Z,-42372,51851.8,A1,R0,3.914071
W4WH,651Z,-42372,51851.8,A5,R0,4.264381
W4WH,651Z,-42372,51851.8,A8,R0,3.38149
W4WH,651Z,-42372,51851.8,AC,R0,3.692897
W4WH,651Z,-42372,51851.8,A1,RMAX,6.838343
W4WH,651Z,-42372,51851.8,A5,RMAX,7.6484
W4WH,651Z,-42372,51851.8,A8,RMAX,5.282455
W4WH,651Z,-42372,51851.8,AC,RMAX,6.800921
W4WH,651Z,-42372,51851.8,A1,RMIN,3.878152
W4WH,651Z,-42372,51851.8,A5,RMIN,4.161051
W4WH,651Z,-42372,51851.8,A8,RMIN,2.915906
W4WH,651Z,-42372,51851.8,AC,RMIN,3.508887
W26M,751Z,-19260,51851.8,A1,R0,4.254008
W26M,751Z,-19260,51851.8,A5,R0,4.524156
W26M,751Z,-19260,51851.8,A8,R0,3.959067
W26M,751Z,-19260,51851.8,AC,R0,4.146687
W26M,751Z,-19260,51851.8,A1,RMAX,7.833045
W26M,751Z,-19260,51851.8,A5,RMAX,8.298276
W26M,751Z,-19260,51851.8,A8,RMAX,6.171361
W26M,751Z,-19260,51851.8,AC,RMAX,7.429049
W26M,751Z,-19260,51851.8,A1,RMIN,4.203243
W26M,751Z,-19260,51851.8,A5,RMIN,4.419758
W26M,751Z,-19260,51851.8,A8,RMIN,3.311017
W26M,751Z,-19260,51851.8,AC,RMIN,3.711633
W3X6,751Z,-19260,51851.8,A1,R0,4.039927
W3X6,751Z,-19260,51851.8,A5,R0,4.359272
W3X6,751Z,-19260,51851.8,A8,R0,3.81656
W3X6,751Z,-19260,51851.8,AC,R0,3.87066
W3X6,751Z,-19260,51851.8,A1,RMAX,7.480177
W3X6,751Z,-19260,51851.8,A5,RMAX,7.901291
W3X6,751Z,-19260,51851.8,A8,RMAX,5.78594
W3X6,751Z,-19260,51851.8,AC,RMAX,7.19476
W3X6,751Z,-19260,51851.8,A1,RMIN,3.987393
W3X6,751Z,-19260,51851.8,A5,RMIN,4.246728
W3X6,751Z,-19260,51851.8,A8,RMIN,3.201059
W3X6,751Z,-19260,51851.8,AC,RMIN,3.627348
W3X9,751Z,-19260,51851.8,A1,R0,4.125168
W3X9,751Z,-19260,51851.8,A5,R0,4.408639
W3X9,751Z,-19260,51851.8,A8,R0,3.590841
W3X9,751Z,-19260,51851.8,AC,R0,3.901259
W3X9,751Z,-19260,51851.8,A1,RMAX,7.533247
W3X9,751Z,-19260,51851.8,A5,RMAX,8.075393
W3X9,751Z,-19260,51851.8,A8,RMAX,5.694159
W3X9,751Z,-19260,51851.8,AC,RMAX,7.539678
W3X9,751Z,-19260,51851.8,A1,RMIN,4.081602
W3X9,751Z,-19260,51851.8,A5,RMIN,4.2881
W3X9,751Z,-19260,51851.8,A8,RMIN,3.031059
W3X9,751Z,-19260,51851.8,AC,RMIN,3.765499
W4PM,751Z,-19260,51851.8,A1,R0,3.862111
W4PM,751Z,-19260,51851.8,A5,R0,4.132074
W4PM,751Z,-19260,51851.8,A8,R0,3.255435
W4PM,751Z,-19260,51851.8,AC,R0,3.516411
W4PM,751Z,-19260,51851.8,A1,RMAX,6.875881
W4PM,751Z,-19260,51851.8,A5,RMAX,7.44048
W4PM,751Z,-19260,51851.8,A8,RMAX,5.069216
W4PM,751Z,-19260,51851.8,AC,RMAX,6.652882
W4PM,751Z,-19260,51851.8,A1,RMIN,3.822634
W4PM,751Z,-19260,51851.8,A5,RMIN,4.060371
W4PM,751Z,-19260,51851.8,A8,RMIN,2.805938
W4PM,751Z,-19260,51851.8,AC,RMIN,3.406374
W4WH,751Z,-19260,51851.8,A1,R0,3.945394
W4WH,751Z,-19260,51851.8,A5,R0,4.148139
W4WH,751Z,-19260,51851.8,A8,R0,3.301958
W4WH,751Z,-19260,51851.8,AC,R0,3.609624
W4WH,751Z,-19260,51851.8,A1,RMAX,7.175015
W4WH,751Z,-19260,51851.8,A5,RMAX,7.369169
W4WH,751Z,-19260,51851.8,A8,RMAX,5.132778
W4WH,751Z,-19260,51851.8,AC,RMAX,6.793539
W4WH,751Z,-19260,51851.8,A1,RMIN,3.905837
W4WH,751Z,-19260,51851.8,A5,RMIN,4.069935
W4WH,751Z,-19260,51851.8,A8,RMIN,2.873409
W4WH,751Z,-19260,51851.8,AC,RMIN,3.486954
W26M,851Z,3852,51851.8,A1,R0,4.320947
W26M,851Z,3852,51851.8,A5,R0,4.4178
W26M,851Z,3852,51851.8,A8,R0,3.946473
W26M,851Z,3852,51851.8,AC,R0,3.959051
W26M,851Z,3852,51851.8,A1,RMAX,7.997139
W26M,851Z,3852,51851.8,A5,RMAX,8.178947
W26M,851Z,3852,51851.8,A8,RMAX,5.991437
W26M,851Z,3852,51851.8,AC,RMAX,7.473158
W26M,851Z,3852,51851.8,A1,RMIN,4.276685
W26M,851Z,3852,51851.8,A5,RMIN,4.304852
W26M,851Z,3852,51851.8,A8,RMIN,3.309241
W26M,851Z,3852,51851.8,AC,RMIN,3.730123
W3X6,851Z,3852,51851.8,A1,R0,4.087718
W3X6,851Z,3852,51851.8,A5,R0,4.427027
W3X6,851Z,3852,51851.8,A8,R0,3.786625
W3X6,851Z,3852,51851.8,AC,R0,4.109484
W3X6,851Z,3852,51851.8,A1,RMAX,7.668508
W3X6,851Z,3852,51851.8,A5,RMAX,7.992707
W3X6,851Z,3852,51851.8,A8,RMAX,5.685426
W3X6,851Z,3852,51851.8,AC,RMAX,7.283991
W3X6,851Z,3852,51851.8,A1,RMIN,4.040509
W3X6,851Z,3852,51851.8,A5,RMIN,4.293992
W3X6,851Z,3852,51851.8,A8,RMIN,3.230909
W3X6,851Z,3852,51851.8,AC,RMIN,3.654927
W3X9,851Z,3852,51851.8,A1,R0,4.13626
W3X9,851Z,3852,51851.8,A5,R0,4.433671
W3X9,851Z,3852,51851.8,A8,R0,3.654287
W3X9,851Z,3852,51851.8,AC,R0,3.828435
W3X9,851Z,3852,51851.8,A1,RMAX,7.604522
W3X9,851Z,3852,51851.8,A5,RMAX,8.033654
W3X9,851Z,3852,51851.8,A8,RMAX,5.681726
W3X9,851Z,3852,51851.8,AC,RMAX,7.46197
W3X9,851Z,3852,51851.8,A1,RMIN,4.083831
W3X9,851Z,3852,51851.8,A5,RMIN,4.277541
W3X9,851Z,3852,51851.8,A8,RMIN,3.08148
W3X9,851Z,3852,51851.8,AC,RMIN,3.705219
W4PM,851Z,3852,51851.8,A1,R0,3.831924
W4PM,851Z,3852,51851.8,A5,R0,4.112462
W4PM,851Z,3852,51851.8,A8,R0,3.308262
W4PM,851Z,3852,51851.8,AC,R0,3.529695
W4PM,851Z,3852,51851.8,A1,RMAX,6.837465
W4PM,851Z,3852,51851.8,A5,RMAX,7.350106
W4PM,851Z,3852,51851.8,A8,RMAX,5.175319
W4PM,851Z,3852,51851.8,AC,RMAX,6.651646
W4PM,851Z,3852,51851.8,A1,RMIN,3.796049
W4PM,851Z,3852,51851.8,A5,RMIN,4.017551
W4PM,851Z,3852,51851.8,A8,RMIN,2.850755
W4PM,851Z,3852,51851.8,AC,RMIN,3.403603
W4WH,851Z,3852,51851.8,A1,R0,3.954962
W4WH,851Z,3852,51851.8,A5,R0,4.132635
W4WH,851Z,3852,51851.8,A8,R0,3.39895
W4WH,851Z,3852,51851.8,AC,R0,3.587361
W4WH,851Z,3852,51851.8,A1,RMAX,7.0742
W4WH,851Z,3852,51851.8,A5,RMAX,7.398294
W4WH,851Z,3852,51851.8,A8,RMAX,5.273818
W4WH,851Z,3852,51851.8,AC,RMAX,6.623784
W4WH,851Z,3852,51851.8,A1,RMIN,3.920288
W4WH,851Z,3852,51851.8,A5,RMIN,4.018943
W4WH,851Z,3852,51851.8,A8,RMIN,2.903674
W4WH,851Z,3852,51851.8,AC,RMIN,3.398826
W26M,951Z,26964,51851.8,A1,R0,4.207517
W26M,951Z,26964,51851.8,A5,R0,4.415383
W26M,951Z,26964,51851.8,A8,R0,3.868965
W26M,951Z,26964,51851.8,AC,R0,4.07341
W26M,951Z,26964,51851.8,A1,RMAX,7.737417
W26M,951Z,26964,51851.8,A5,RMAX,8.198486
W26M,951Z,26964,51851.8,A8,RMAX,5.945037
W26M,951Z,26964,51851.8,AC,RMAX,7.510265
W26M,951Z,26964,51851.8,A1,RMIN,4.150775
W26M,951Z,26964,51851.8,A5,RMIN,4.334264
W26M,951Z,26964,51851.8,A8,RMIN,3.304499
W26M,951Z,26964,51851.8,AC,RMIN,3.764924
W3X6,951Z,26964,51851.8,A1,R0,4.103217
W3X6,951Z,26964,51851.8,A5,R0,4.452696
W3X6,951Z,26964,51851.8,A8,R0,3.691739
W3X6,951Z,26964,51851.8,AC,R0,4.010335
W3X6,951Z,26964,51851.8,A1,RMAX,7.554341
W3X6,951Z,26964,51851.8,A5,RMAX,8.078097
W3X6,951Z,26964,51851.8,A8,RMAX,5.589777
W3X6,951Z,26964,51851.8,AC,RMAX,7.324763
W3X6,951Z,26964,51851.8,A1,RMIN,4.050611
W3X6,951Z,26964,51851.8,A5,RMIN,4.316364
W3X6,951Z,26964,51851.8,A8,RMIN,3.149869
W3X6,951Z,26964,51851.8,AC,RMIN,3.68208
W3X9,951Z,26964,51851.8,A1,R0,4.191813
W3X9,951Z,26964,51851.8,A5,R0,4.514605
W3X9,951Z,26964,51851.8,A8,R0,3.827687
W3X9,951Z,26964,51851.8,AC,R0,3.971758
W3X9,951Z,26964,51851.8,A1,RMAX,7.665949
W3X9,951Z,26964,51851.8,A5,RMAX,8.215444
W3X9,951Z,26964,51851.8,A8,RMAX,5.869155
W3X9,951Z,26964,51851.8,AC,RMAX,7.647381
W3X9,951Z,26964,51851.8,A1,RMIN,4.136908
W3X9,951Z,26964,51851.8,A5,RMIN,4.400317
W3X9,951Z,26964,51851.8,A8,RMIN,3.250424
W3X9,951Z,26964,51851.8,AC,RMIN,3.822583
W4PM,951Z,26964,51851.8,A1,R0,3.857562
W4PM,951Z,26964,51851.8,A5,R0,4.10282
W4PM,951Z,26964,51851.8,A8,R0,3.241558
W4PM,951Z,26964,51851.8,AC,R0,3.521174
W4PM,951Z,26964,51851.8,A1,RMAX,6.932965
W4PM,951Z,26964,51851.8,A5,RMAX,7.382058
W4PM,951Z,26964,51851.8,A8,RMAX,4.988993
W4PM,951Z,26964,51851.8,AC,RMAX,6.683697
W4PM,951Z,26964,51851.8,A1,RMIN,3.81717
W4PM,951Z,26964,51851.8,A5,RMIN,4.032347
W4PM,951Z,26964,51851.8,A8,RMIN,2.805957
W4PM,951Z,26964,51851.8,AC,RMIN,3.396987
W4WH,951Z,26964,51851.8,A1,R0,3.889776
W4WH,951Z,26964,51851.8,A5,R0,4.202381
W4WH,951Z,26964,51851.8,A8,R0,3.265439
W4WH,951Z,26964,51851.8,AC,R0,3.681428
W4WH,951Z,26964,51851.8,A1,RMAX,6.991249
W4WH,951Z,26964,51851.8,A5,RMAX,7.412475
W4WH,951Z,26964,51851.8,A8,RMAX,4.862868
W4WH,951Z,26964,51851.8,AC,RMAX,6.595312
W4WH,951Z,26964,51851.8,A1,RMIN,3.855757
W4WH,951Z,26964,51851.8,A5,RMIN,4.071825
W4WH,951Z,26964,51851.8,A8,RMIN,2.81908
W4WH,951Z,26964,51851.8,AC,RMIN,3.383645
W26M,A51Z,-88596,-26117,A1,R0,3.893
W26M,A51Z,-88596,-26117,A5,R0,4.123743
W26M,A51Z,-88596,-26117,A8,R0,3.368717
W26M,A51Z,-88596,-26117,AC,R0,4.109522
W26M,A51Z,-88596,-26117,A1,RMAX,7.130532
W26M,A51Z,-88596,-26117,A5,RMAX,7.508829
W26M,A51Z,-88596,-26117,A8,RMAX,5.391821
W26M,A51Z,-88596,-26117,AC,RMAX,7.049167
W26M,A51Z,-88596,-26117,A1,RMIN,3.848581
W26M,A51Z,-88596,-26117,A5,RMIN,4.034476
W26M,A51Z,-88596,-26117,A8,RMIN,2.878063
W26M,A51Z,-88596,-26117,AC,RMIN,3.55499
W3X6,A51Z,-88596,-26117,A1,R0,3.576507
W3X6,A51Z,-88596,-26117,A5,R0,3.999183
W3X6,A51Z,-88596,-26117,A8,R0,3.113644
W3X6,A51Z,-88596,-26117,AC,R0,3.513813
W3X6,A51Z,-88596,-26117,A1,RMAX,6.555194
W3X6,A51Z,-88596,-26117,A5,RMAX,7.234909
W3X6,A51Z,-88596,-26117,A8,RMAX,5.003116
W3X6,A51Z,-88596,-26117,AC,RMAX,6.588057
W3X6,A51Z,-88596,-26117,A1,RMIN,3.534664
W3X6,A51Z,-88596,-26117,A5,RMIN,3.908434
W3X6,A51Z,-88596,-26117,A8,RMIN,2.706425
W3X6,A51Z,-88596,-26117,AC,RMIN,3.305445
W3X9,A51Z,-88596,-26117,A1,R0,3.581296
W3X9,A51Z,-88596,-26117,A5,R0,3.985953
W3X9,A51Z,-88596,-26117,A8,R0,2.961693
W3X9,A51Z,-88596,-26117,AC,R0,3.508903
W3X9,A51Z,-88596,-26117,A1,RMAX,6.483534
W3X9,A51Z,-88596,-26117,A5,RMAX,7.286503
W3X9,A51Z,-88596,-26117,A8,RMAX,4.825155
W3X9,A51Z,-88596,-26117,AC,RMAX,6.84584
W3X9,A51Z,-88596,-26117,A1,RMIN,3.552563
W3X9,A51Z,-88596,-26117,A5,RMIN,3.901365
W3X9,A51Z,-88596,-26117,A8,RMIN,2.588515
W3X9,A51Z,-88596,-26117,AC,RMIN,3.423058
W4PM,A51Z,-88596,-26117,A1,R0,3.489192
W4PM,A51Z,-88596,-26117,A5,R0,3.85004
W4PM,A51Z,-88596,-26117,A8,R0,2.859867
W4PM,A51Z,-88596,-26117,AC,R0,3.355384
W4PM,A51Z,-88596,-26117,A1,RMAX,6.136783
W4PM,A51Z,-88596,-26117,A5,RMAX,6.781354
W4PM,A51Z,-88596,-26117,A8,RMAX,4.564835
W4PM,A51Z,-88596,-26117,AC,RMAX,6.147786
W4PM,A51Z,-88596,-26117,A1,RMIN,3.456993
W4PM,A51Z,-88596,-26117,A5,RMIN,3.763858
W4PM,A51Z,-88596,-26117,A8,RMIN,2.477039
W4PM,A51Z,-88596,-26117,AC,RMIN,3.197502
W4WH,A51Z,-88596,-26117,A1,R0,3.462717
W4WH,A51Z,-88596,-26117,A5,R0,3.902704
W4WH,A51Z,-88596,-26117,A8,R0,2.895885
W4WH,A51Z,-88596,-26117,AC,R0,3.38503
W4WH,A51Z,-88596,-26117,A1,RMAX,5.933563
W4WH,A51Z,-88596,-26117,A5,RMAX,6.880486
W4WH,A51Z,-88596,-26117,A8,RMAX,4.588356
W4WH,A51Z,-88596,-26117,AC,RMAX,6.20899
W4WH,A51Z,-88596,-26117,A1,RMIN,3.41758
W4WH,A51Z,-88596,-26117,A5,RMIN,3.828084
W4WH,A51Z,-88596,-26117,A8,RMIN,2.521723
W4WH,A51Z,-88596,-26117,AC,RMIN,3.246037
W26M,B51Z,-65484,-26117,A1,R0,4.424496
W26M,B51Z,-65484,-26117,A5,R0,4.662169
W26M,B51Z,-65484,-26117,A8,R0,4.060137
W26M,B51Z,-65484,-26117,AC,R0,4.532944
W26M,B51Z,-65484,-26117,A1,RMAX,8.224613
W26M,B51Z,-65484,-26117,A5,RMAX,8.523103
W26M,B51Z,-65484,-26117,A8,RMAX,6.258241
W26M,B51Z,-65484,-26117,AC,RMAX,7.967587
W26M,B51Z,-65484,-26117,A1,RMIN,4.363737
W26M,B51Z,-65484,-26117,A5,RMIN,4.561353
W26M,B51Z,-65484,-26117,A8,RMIN,3.438242
W26M,B51Z,-65484,-26117,AC,RMIN,3.994939
W3X6,B51Z,-65484,-26117,A1,R0,4.226702
W3X6,B51Z,-65484,-26117,A5,R0,4.525455
W3X6,B51Z,-65484,-26117,A8,R0,3.900604
W3X6,B51Z,-65484,-26117,AC,R0,4.278742
W3X6,B51Z,-65484,-26117,A1,RMAX,7.850146
W3X6,B51Z,-65484,-26117,A5,RMAX,8.421825
W3X6,B51Z,-65484,-26117,A8,RMAX,5.77228
W3X6,B51Z,-65484,-26117,AC,RMAX,7.690712
W3X6,B51Z,-65484,-26117,A1,RMIN,4.169728
W3X6,B51Z,-65484,-26117,A5,RMIN,4.433257
W3X6,B51Z,-65484,-26117,A8,RMIN,3.335847
W3X6,B51Z,-65484,-26117,AC,RMIN,3.848624
W3X9,B51Z,-65484,-26117,A1,R0,4.115376
W3X9,B51Z,-65484,-26117,A5,R0,4.518252
W3X9,B51Z,-65484,-26117,A8,R0,3.702473
W3X9,B51Z,-65484,-26117,AC,R0,4.127312
W3X9,B51Z,-65484,-26117,A1,RMAX,7.673102
W3X9,B51Z,-65484,-26117,A5,RMAX,8.275667
W3X9,B51Z,-65484,-26117,A8,RMAX,5.727851
W3X9,B51Z,-65484,-26117,AC,RMAX,7.781248
W3X9,B51Z,-65484,-26117,A1,RMIN,4.074247
W3X9,B51Z,-65484,-26117,A5,RMIN,4.39323
W3X9,B51Z,-65484,-26117,A8,RMIN,3.125777
W3X9,B51Z,-65484,-26117,AC,RMIN,3.893885
W4PM,B51Z,-65484,-26117,A1,R0,3.959864
W4PM,B51Z,-65484,-26117,A5,R0,4.229885
W4PM,B51Z,-65484,-26117,A8,R0,3.457701
W4PM,B51Z,-65484,-26117,AC,R0,3.857427
W4PM,B51Z,-65484,-26117,A1,RMAX,7.08364
W4PM,B51Z,-65484,-26117,A5,RMAX,7.512919
W4PM,B51Z,-65484,-26117,A8,RMAX,5.322154
W4PM,B51Z,-65484,-26117,AC,RMAX,7.133752
W4PM,B51Z,-65484,-26117,A1,RMIN,3.917874
W4PM,B51Z,-65484,-26117,A5,RMIN,4.139699
W4PM,B51Z,-65484,-26117,A8,RMIN,2.97931
W4PM,B51Z,-65484,-26117,AC,RMIN,3.680228
W4WH,B51Z,-65484,-26117,A1,R0,4.04928
W4WH,B51Z,-65484,-26117,A5,R0,4.302397
W4WH,B51Z,-65484,-26117,A8,R0,3.401119
W4WH,B51Z,-65484,-26117,AC,R0,3.97477
W4WH,B51Z,-65484,-26117,A1,RMAX,7.262168
W4WH,B51Z,-65484,-26117,A5,RMAX,7.608966
W4WH,B51Z,-65484,-26117,A8,RMAX,5.195748
W4WH,B51Z,-65484,-26117,AC,RMAX,7.0343
W4WH,B51Z,-65484,-26117,A1,RMIN,4.006002
W4WH,B51Z,-65484,-26117,A5,RMIN,4.19476
W4WH,B51Z,-65484,-26117,A8,RMIN,2.958553
W4WH,B51Z,-65484,-26117,AC,RMIN,3.606343
W26M,C51Z,-42372,-26117,A1,R0,4.426939
W26M,C51Z,-42372,-26117,A5,R0,4.658244
W26M,C51Z,-42372,-26117,A8,R0,4.150836
W26M,C51Z,-42372,-26117,AC,R0,4.097386
W26M,C51Z,-42372,-26117,A1,RMAX,8.17759
W26M,C51Z,-42372,-26117,A5,RMAX,8.615472
W26M,C51Z,-42372,-26117,A8,RMAX,6.325498
W26M,C51Z,-42372,-26117,AC,RMAX,7.695595
W26M,C51Z,-42372,-26117,A1,RMIN,4.373868
W26M,C51Z,-42372,-26117,A5,RMIN,4.505932
W26M,C51Z,-42372,-26117,A8,RMIN,3.459356
W26M,C51Z,-42372,-26117,AC,RMIN,3.842363
W3X6,C51Z,-42372,-26117,A1,R0,4.158406
W3X6,C51Z,-42372,-26117,A5,R0,4.511934
W3X6,C51Z,-42372,-26117,A8,R0,3.921307
W3X6,C51Z,-42372,-26117,AC,R0,4.02414
W3X6,C51Z,-42372,-26117,A1,RMAX,7.690804
W3X6,C51Z,-42372,-26117,A5,RMAX,8.199745
W3X6,C51Z,-42372,-26117,A8,RMAX,5.783587
W3X6,C51Z,-42372,-26117,AC,RMAX,7.391413
W3X6,C51Z,-42372,-26117,A1,RMIN,4.092101
W3X6,C51Z,-42372,-26117,A5,RMIN,4.364234
W3X6,C51Z,-42372,-26117,A8,RMIN,3.306546
W3X6,C51Z,-42372,-26117,AC,RMIN,3.689908
W3X9,C51Z,-42372,-26117,A1,R0,4.148012
W3X9,C51Z,-42372,-26117,A5,R0,4.464706
W3X9,C51Z,-42372,-26117,A8,R0,3.647271
W3X9,C51Z,-42372,-26117,AC,R0,3.995378
W3X9,C51Z,-42372,-26117,A1,RMAX,7.688105
W3X9,C51Z,-42372,-26117,A5,RMAX,8.176549
W3X9,C51Z,-42372,-26117,A8,RMAX,5.65882
W3X9,C51Z,-42372,-26117,AC,RMAX,7.666843
W3X9,C51Z,-42372,-26117,A1,RMIN,4.090549
W3X9,C51Z,-42372,-26117,A5,RMIN,4.364182
W3X9,C51Z,-42372,-26117,A8,RMIN,3.070783
W3X9,C51Z,-42372,-26117,AC,RMIN,3.827894
W4PM,C51Z,-42372,-26117,A1,R0,3.900432
W4PM,C51Z,-42372,-26117,A5,R0,4.247011
W4PM,C51Z,-42372,-26117,A8,R0,3.459308
W4PM,C51Z,-42372,-26117,AC,R0,3.63765
W4PM,C51Z,-42372,-26117,A1,RMAX,6.959729
W4PM,C51Z,-42372,-26117,A5,RMAX,7.592693
W4PM,C51Z,-42372,-26117,A8,RMAX,5.329466
W4PM,C51Z,-42372,-26117,AC,RMAX,6.87364
W4PM,C51Z,-42372,-26117,A1,RMIN,3.859609
W4PM,C51Z,-42372,-26117,A5,RMIN,4.147895
W4PM,C51Z,-42372,-26117,A8,RMIN,2.974731
W4PM,C51Z,-42372,-26117,AC,RMIN,3.521083
W4WH,C51Z,-42372,-26117,A1,R0,4.028793
W4WH,C51Z,-42372,-26117,A5,R0,4.246269
W4WH,C51Z,-42372,-26117,A8,R0,3.550619
W4WH,C51Z,-42372,-26117,AC,R0,3.947465
W4WH,C51Z,-42372,-26117,A1,RMAX,7.219991
W4WH,C51Z,-42372,-26117,A5,RMAX,7.586523
W4WH,C51Z,-42372,-26117,A8,RMAX,5.38533
W4WH,C51Z,-42372,-26117,AC,RMAX,6.808926
W4WH,C51Z,-42372,-26117,A1,RMIN,3.969468
W4WH,C51Z,-42372,-26117,A5,RMIN,4.157183
W4WH,C51Z,-42372,-26117,A8,RMIN,3.030022
W4WH,C51Z,-42372,-26117,AC,RMIN,3.486152
W26M,D51Z,-19260,-26117,A1,R0,4.369538
W26M,D51Z,-19260,-26117,A5,R0,4.51501
W26M,D51Z,-19260,-26117,A8,R0,3.94974
W26M,D51Z,-19260,-26117,AC,R0,4.09156
W26M,D51Z,-19260,-26117,A1,RMAX,7.954682
W26M,D51Z,-19260,-26117,A5,RMAX,8.375587
W26M,D51Z,-19260,-26117,A8,RMAX,5.941539
W26M,D51Z,-19260,-26117,AC,RMAX,7.617449
W26M,D51Z,-19260,-26117,A1,RMIN,4.311683
W26M,D51Z,-19260,-26117,A5,RMIN,4.406101
W26M,D51Z,-19260,-26117,A8,RMIN,3.345367
W26M,D51Z,-19260,-26117,AC,RMIN,3.82105
W3X6,D51Z,-19260,-26117,A1,R0,4.234003
W3X6,D51Z,-19260,-26117,A5,R0,4.474472
W3X6,D51Z,-19260,-26117,A8,R0,4.028446
W3X6,D51Z,-19260,-26117,AC,R0,3.826997
W3X6,D51Z,-19260,-26117,A1,RMAX,7.752877
W3X6,D51Z,-19260,-26117,A5,RMAX,8.134269
W3X6,D51Z,-19260,-26117,A8,RMAX,5.961342
W3X6,D51Z,-19260,-26117,AC,RMAX,7.28053
W3X6,D51Z,-19260,-26117,A1,RMIN,4.176521
W3X6,D51Z,-19260,-26117,A5,RMIN,4.308714
W3X6,D51Z,-19260,-26117,A8,RMIN,3.384841
W3X6,D51Z,-19260,-26117,AC,RMIN,3.659127
W3X9,D51Z,-19260,-26117,A1,R0,4.131578
W3X9,D51Z,-19260,-26117,A5,R0,4.483064
W3X9,D51Z,-19260,-26117,A8,R0,3.748873
W3X9,D51Z,-19260,-26117,AC,R0,4.088709
W3X9,D51Z,-19260,-26117,A1,RMAX,7.657194
W3X9,D51Z,-19260,-26117,A5,RMAX,8.22565
W3X9,D51Z,-19260,-26117,A8,RMAX,5.645083
W3X9,D51Z,-19260,-26117,AC,RMAX,7.428594
W3X9,D51Z,-19260,-26117,A1,RMIN,4.075599
W3X9,D51Z,-19260,-26117,A5,RMIN,4.377783
W3X9,D51Z,-19260,-26117,A8,RMIN,3.168716
W3X9,D51Z,-19260,-26117,AC,RMIN,3.732487
W4PM,D51Z,-19260,-26117,A1,R0,3.967831
W4PM,D51Z,-19260,-26117,A5,R0,4.202761
W4PM,D51Z,-19260,-26117,A8,R0,3.456826
W4PM,D51Z,-19260,-26117,AC,R0,3.566915
W4PM,D51Z,-19260,-26117,A1,RMAX,7.076965
W4PM,D51Z,-19260,-26117,A5,RMAX,7.508236
W4PM,D51Z,-19260,-26117,A8,RMAX,5.207771
W4PM,D51Z,-19260,-26117,AC,RMAX,6.710141
W4PM,D51Z,-19260,-26117,A1,RMIN,3.926055
W4PM,D51Z,-19260,-26117,A5,RMIN,4.103877
W4PM,D51Z,-19260,-26117,A8,RMIN,3.000884
W4PM,D51Z,-19260,-26117,AC,RMIN,3.443017
W4WH,D51Z,-19260,-26117,A1,R0,3.938605
W4WH,D51Z,-19260,-26117,A5,R0,4.156589
W4WH,D51Z,-19260,-26117,A8,R0,3.454073
W4WH,D51Z,-19260,-26117,AC,R0,3.578426
W4WH,D51Z,-19260,-26117,A1,RMAX,6.950909
W4WH,D51Z,-19260,-26117,A5,RMAX,7.458844
W4WH,D51Z,-19260,-26117,A8,RMAX,5.245972
W4WH,D51Z,-19260,-26117,AC,RMAX,6.615419
W4WH,D51Z,-19260,-26117,A1,RMIN,3.891217
W4WH,D51Z,-19260,-26117,A5,RMIN,4.06185
W4WH,D51Z,-19260,-26117,A8,RMIN,2.966267
W4WH,D51Z,-19260,-26117,AC,RMIN,3.387697
W26M,E51Z,3852,-26117,A1,R0,4.279531
W26M,E51Z,3852,-26117,A5,R0,4.42859
W26M,E51Z,3852,-26117,A8,R0,3.848863
W26M,E51Z,3852,-26117,AC,R0,4.02486
W26M,E51Z,3852,-26117,A1,RMAX,7.842579
W26M,E51Z,3852,-26117,A5,RMAX,8.17686
W26M,E51Z,3852,-26117,A8,RMAX,5.809644
W26M,E51Z,3852,-26117,AC,RMAX,7.392926
W26M,E51Z,3852,-26117,A1,RMIN,4.236715
W26M,E51Z,3852,-26117,A5,RMIN,4.314211
W26M,E51Z,3852,-26117,A8,RMIN,3.273774
W26M,E51Z,3852,-26117,AC,RMIN,3.697768
W3X6,E51Z,3852,-26117,A1,R0,4.086642
W3X6,E51Z,3852,-26117,A5,R0,4.401408
W3X6,E51Z,3852,-26117,A8,R0,3.757787
W3X6,E51Z,3852,-26117,AC,R0,3.791646
W3X6,E51Z,3852,-26117,A1,RMAX,7.564864
W3X6,E51Z,3852,-26117,A5,RMAX,8.03171
W3X6,E51Z,3852,-26117,A8,RMAX,5.591301
W3X6,E51Z,3852,-26117,AC,RMAX,7.239118
W3X6,E51Z,3852,-26117,A1,RMIN,4.039152
W3X6,E51Z,3852,-26117,A5,RMIN,4.275516
W3X6,E51Z,3852,-26117,A8,RMIN,3.187897
W3X6,E51Z,3852,-26117,AC,RMIN,3.633967
W3X9,E51Z,3852,-26117,A1,R0,4.22187
W3X9,E51Z,3852,-26117,A5,R0,4.382584
W3X9,E51Z,3852,-26117,A8,R0,3.697575
W3X9,E51Z,3852,-26117,AC,R0,3.951888
W3X9,E51Z,3852,-26117,A1,RMAX,7.67884
W3X9,E51Z,3852,-26117,A5,RMAX,8.032514
W3X9,E51Z,3852,-26117,A8,RMAX,5.616777
W3X9,E51Z,3852,-26117,AC,RMAX,7.392803
W3X9,E51Z,3852,-26117,A1,RMIN,4.148647
W3X9,E51Z,3852,-26117,A5,RMIN,4.255992
W3X9,E51Z,3852,-26117,A8,RMIN,3.100912
W3X9,E51Z,3852,-26117,AC,RMIN,3.728353
W4PM,E51Z,3852,-26117,A1,R0,3.907373
W4PM,E51Z,3852,-26117,A5,R0,4.023555
W4PM,E51Z,3852,-26117,A8,R0,3.290699
W4PM,E51Z,3852,-26117,AC,R0,3.44695
W4PM,E51Z,3852,-26117,A1,RMAX,7.018323
W4PM,E51Z,3852,-26117,A5,RMAX,7.219662
W4PM,E51Z,3852,-26117,A8,RMAX,5.002844
W4PM,E51Z,3852,-26117,AC,RMAX,6.520625
W4PM,E51Z,3852,-26117,A1,RMIN,3.86088
W4PM,E51Z,3852,-26117,A5,RMIN,3.938609
W4PM,E51Z,3852,-26117,A8,RMIN,2.852374
W4PM,E51Z,3852,-26117,AC,RMIN,3.358564
W4WH,E51Z,3852,-26117,A1,R0,3.953625
W4WH,E51Z,3852,-26117,A5,R0,4.112055
W4WH,E51Z,3852,-26117,A8,R0,3.289749
W4WH,E51Z,3852,-26117,AC,R0,3.53266
W4WH,E51Z,3852,-26117,A1,RMAX,6.973521
W4WH,E51Z,3852,-26117,A5,RMAX,7.360383
W4WH,E51Z,3852,-26117,A8,RMAX,5.077055
W4WH,E51Z,3852,-26117,AC,RMAX,6.576058
W4WH,E51Z,3852,-26117,A1,RMIN,3.920633
W4WH,E51Z,3852,-26117,A5,RMIN,4.011356
W4WH,E51Z,3852,-26117,A8,RMIN,2.867949
W4WH,E51Z,3852,-26117,AC,RMIN,3.362239
W26M,F51Z,26964,-26117,A1,R0,4.228177
W26M,F51Z,26964,-26117,A5,R0,4.485287
W26M,F51Z,26964,-26117,A8,R0,3.866902
W26M,F51Z,26964,-26117,AC,R0,4.259952
W26M,F51Z,26964,-26117,A1,RMAX,7.754809
W26M,F51Z,26964,-26117,A5,RMAX,8.226004
W26M,F51Z,26964,-26117,A8,RMAX,5.962189
W26M,F51Z,26964,-26117,AC,RMAX,7.553848
W26M,F51Z,26964,-26117,A1,RMIN,4.176248
W26M,F51Z,26964,-26117,A5,RMIN,4.380925
W26M,F51Z,26964,-26117,A8,RMIN,3.248333
W26M,F51Z,26964,-26117,AC,RMIN,3.789773
W3X6,F51Z,26964,-26117,A1,R0,4.104525
W3X6,F51Z,26964,-26117,A5,R0,4.246451
W3X6,F51Z,26964,-26117,A8,R0,3.717692
W3X6,F51Z,26964,-26117,AC,R0,3.818185
W3X6,F51Z,26964,-26117,A1,RMAX,7.613573
W3X6,F51Z,26964,-26117,A5,RMAX,7.810189
W3X6,F51Z,26964,-26117,A8,RMAX,5.630573
W3X6,F51Z,26964,-26117,AC,RMAX,7.141853
W3X6,F51Z,26964,-26117,A1,RMIN,4.061275
W3X6,F51Z,26964,-26117,A5,RMIN,4.126979
W3X6,F51Z,26964,-26117,A8,RMIN,3.136526
W3X6,F51Z,26964,-26117,AC,RMIN,3.57587
W3X9,F51Z,26964,-26117,A1,R0,4.172517
W3X9,F51Z,26964,-26117,A5,R0,4.397812
W3X9,F51Z,26964,-26117,A8,R0,3.731434
W3X9,F51Z,26964,-26117,AC,R0,4.178493
W3X9,F51Z,26964,-26117,A1,RMAX,7.637192
W3X9,F51Z,26964,-26117,A5,RMAX,8.086202
W3X9,F51Z,26964,-26117,A8,RMAX,5.639585
W3X9,F51Z,26964,-26117,AC,RMAX,7.552782
W3X9,F51Z,26964,-26117,A1,RMIN,4.113739
W3X9,F51Z,26964,-26117,A5,RMIN,4.290459
W3X9,F51Z,26964,-26117,A8,RMIN,3.166098
W3X9,F51Z,26964,-26117,AC,RMIN,3.809708
W4PM,F51Z,26964,-26117,A1,R0,3.897217
W4PM,F51Z,26964,-26117,A5,R0,4.062068
W4PM,F51Z,26964,-26117,A8,R0,3.29156
W4PM,F51Z,26964,-26117,AC,R0,3.552562
W4PM,F51Z,26964,-26117,A1,RMAX,6.956662
W4PM,F51Z,26964,-26117,A5,RMAX,7.279584
W4PM,F51Z,26964,-26117,A8,RMAX,5.116319
W4PM,F51Z,26964,-26117,AC,RMAX,6.5853
W4PM,F51Z,26964,-26117,A1,RMIN,3.856875
W4PM,F51Z,26964,-26117,A5,RMIN,3.97025
W4PM,F51Z,26964,-26117,A8,RMIN,2.829931
W4PM,F51Z,26964,-26117,AC,RMIN,3.377827
W4WH,F51Z,26964,-26117,A1,R0,3.919142
W4WH,F51Z,26964,-26117,A5,R0,4.068919
W4WH,F51Z,26964,-26117,A8,R0,3.342946
W4WH,F51Z,26964,-26117,AC,R0,3.625778
W4WH,F51Z,26964,-26117,A1,RMAX,6.937329
W4WH,F51Z,26964,-26117,A5,RMAX,7.277322
W4WH,F51Z,26964,-26117,A8,RMAX,5.203481
W4WH,F51Z,26964,-26117,AC,RMAX,6.672338
W4WH,F51Z,26964,-26117,A1,RMIN,3.876289
W4WH,F51Z,26964,-26117,A5,RMIN,3.985328
W4WH,F51Z,26964,-26117,A8,RMIN,2.838157
W4WH,F51Z,26964,-26117,AC,RMIN,3.434041
W26M,G51Z,50076,-26117,A1,R0,4.23614
W26M,G51Z,50076,-26117,A5,R0,4.442428
W26M,G51Z,50076,-26117,A8,R0,3.789501
W26M,G51Z,50076,-26117,AC,R0,4.051627
W26M,G51Z,50076,-26117,A1,RMAX,7.803766
W26M,G51Z,50076,-26117,A5,RMAX,8.19764
W26M,G51Z,50076,-26117,A8,RMAX,5.878288
W26M,G51Z,50076,-26117,AC,RMAX,7.636887
W26M,G51Z,50076,-26117,A1,RMIN,4.191777
W26M,G51Z,50076,-26117,A5,RMIN,4.352107
W26M,G51Z,50076,-26117,A8,RMIN,3.226736
W26M,G51Z,50076,-26117,AC,RMIN,3.821347
W3X6,G51Z,50076,-26117,A1,R0,4.011799
W3X6,G51Z,50076,-26117,A5,R0,4.438747
W3X6,G51Z,50076,-26117,A8,R0,3.722378
W3X6,G51Z,50076,-26117,AC,R0,3.786191
W3X6,G51Z,50076,-26117,A1,RMAX,7.362685
W3X6,G51Z,50076,-26117,A5,RMAX,8.038457
W3X6,G51Z,50076,-26117,A8,RMAX,5.736885
W3X6,G51Z,50076,-26117,AC,RMAX,7.19674
W3X6,G51Z,50076,-26117,A1,RMIN,3.961326
W3X6,G51Z,50076,-26117,A5,RMIN,4.296483
W3X6,G51Z,50076,-26117,A8,RMIN,3.157832
W3X6,G51Z,50076,-26117,AC,RMIN,3.620845
W3X9,G51Z,50076,-26117,A1,R0,4.147398
W3X9,G51Z,50076,-26117,A5,R0,4.467885
W3X9,G51Z,50076,-26117,A8,R0,3.68731
W3X9,G51Z,50076,-26117,AC,R0,3.953657
W3X9,G51Z,50076,-26117,A1,RMAX,7.509638
W3X9,G51Z,50076,-26117,A5,RMAX,8.256393
W3X9,G51Z,50076,-26117,A8,RMAX,5.659036
W3X9,G51Z,50076,-26117,AC,RMAX,7.614149
W3X9,G51Z,50076,-26117,A1,RMIN,4.086562
W3X9,G51Z,50076,-26117,A5,RMIN,4.376255
W3X9,G51Z,50076,-26117,A8,RMIN,3.157614
W3X9,G51Z,50076,-26117,AC,RMIN,3.823856
W4PM,G51Z,50076,-26117,A1,R0,3.819914
W4PM,G51Z,50076,-26117,A5,R0,4.231027
W4PM,G51Z,50076,-26117,A8,R0,3.254252
W4PM,G51Z,50076,-26117,AC,R0,3.678366
W4PM,G51Z,50076,-26117,A1,RMAX,6.896799
W4PM,G51Z,50076,-26117,A5,RMAX,7.342108
W4PM,G51Z,50076,-26117,A8,RMAX,5.065856
W4PM,G51Z,50076,-26117,AC,RMAX,6.61321
W4PM,G51Z,50076,-26117,A1,RMIN,3.784365
W4PM,G51Z,50076,-26117,A5,RMIN,4.018142
W4PM,G51Z,50076,-26117,A8,RMIN,2.795945
W4PM,G51Z,50076,-26117,AC,RMIN,3.393919
W4WH,G51Z,50076,-26117,A1,R0,3.810543
W4WH,G51Z,50076,-26117,A5,R0,4.119985
W4WH,G51Z,50076,-26117,A8,R0,3.247512
W4WH,G51Z,50076,-26117,AC,R0,3.592772
W4WH,G51Z,50076,-26117,A1,RMAX,6.704977
W4WH,G51Z,50076,-26117,A5,RMAX,7.305291
W4WH,G51Z,50076,-26117,A8,RMAX,5.063515
W4WH,G51Z,50076,-26117,AC,RMAX,6.628239
W4WH,G51Z,50076,-26117,A1,RMIN,3.789738
W4WH,G51Z,50076,-26117,A5,RMIN,4.038757
W4WH,G51Z,50076,-26117,A8,RMIN,2.827262
W4WH,G51Z,50076,-26117,AC,RMIN,3.424823
W26M,H51Z,73188,-26117,A1,R0,4.377879
W26M,H51Z,73188,-26117,A5,R0,4.516484
W26M,H51Z,73188,-26117,A8,R0,3.81912
W26M,H51Z,73188,-26117,AC,R0,4.268831
W26M,H51Z,73188,-26117,A1,RMAX,8.000801
W26M,H51Z,73188,-26117,A5,RMAX,8.353539
W26M,H51Z,73188,-26117,A8,RMAX,5.792957
W26M,H51Z,73188,-26117,AC,RMAX,7.548334
W26M,H51Z,73188,-26117,A1,RMIN,4.326593
W26M,H51Z,73188,-26117,A5,RMIN,4.409914
W26M,H51Z,73188,-26117,A8,RMIN,3.271731
W26M,H51Z,73188,-26117,AC,RMIN,3.780322
W3X6,H51Z,73188,-26117,A1,R0,4.051119
W3X6,H51Z,73188,-26117,A5,R0,4.413252
W3X6,H51Z,73188,-26117,A8,R0,3.663891
W3X6,H51Z,73188,-26117,AC,R0,4.180521
W3X6,H51Z,73188,-26117,A1,RMAX,7.459934
W3X6,H51Z,73188,-26117,A5,RMAX,8.097446
W3X6,H51Z,73188,-26117,A8,RMAX,5.414514
W3X6,H51Z,73188,-26117,AC,RMAX,7.306641
W3X6,H51Z,73188,-26117,A1,RMIN,4.004134
W3X6,H51Z,73188,-26117,A5,RMIN,4.320471
W3X6,H51Z,73188,-26117,A8,RMIN,3.174708
W3X6,H51Z,73188,-26117,AC,RMIN,3.677849
W3X9,H51Z,73188,-26117,A1,R0,4.19397
W3X9,H51Z,73188,-26117,A5,R0,4.595675
W3X9,H51Z,73188,-26117,A8,R0,3.733312
W3X9,H51Z,73188,-26117,AC,R0,4.149371
W3X9,H51Z,73188,-26117,A1,RMAX,7.752108
W3X9,H51Z,73188,-26117,A5,RMAX,8.386701
W3X9,H51Z,73188,-26117,A8,RMAX,5.65728
W3X9,H51Z,73188,-26117,AC,RMAX,7.78197
W3X9,H51Z,73188,-26117,A1,RMIN,4.15545
W3X9,H51Z,73188,-26117,A5,RMIN,4.462201
W3X9,H51Z,73188,-26117,A8,RMIN,3.236613
W3X9,H51Z,73188,-26117,AC,RMIN,3.8977
W4PM,H51Z,73188,-26117,A1,R0,3.819151
W4PM,H51Z,73188,-26117,A5,R0,4.123829
W4PM,H51Z,73188,-26117,A8,R0,3.246533
W4PM,H51Z,73188,-26117,AC,R0,3.578509
W4PM,H51Z,73188,-26117,A1,RMAX,6.931875
W4PM,H51Z,73188,-26117,A5,RMAX,7.390175
W4PM,H51Z,73188,-26117,A8,RMAX,5.021702
W4PM,H51Z,73188,-26117,AC,RMAX,6.753689
W4PM,H51Z,73188,-26117,A1,RMIN,3.78068
W4PM,H51Z,73188,-26117,A5,RMIN,4.046084
W4PM,H51Z,73188,-26117,A8,RMIN,2.823275
W4PM,H51Z,73188,-26117,AC,RMIN,3.465181
W4WH,H51Z,73188,-26117,A1,R0,3.90242
W4WH,H51Z,73188,-26117,A5,R0,4.136546
W4WH,H51Z,73188,-26117,A8,R0,3.253127
W4WH,H51Z,73188,-26117,AC,R0,3.867889
W4WH,H51Z,73188,-26117,A1,RMAX,7.042804
W4WH,H51Z,73188,-26117,A5,RMAX,7.427156
W4WH,H51Z,73188,-26117,A8,RMAX,5.020362
W4WH,H51Z,73188,-26117,AC,RMAX,6.772522
W4WH,H51Z,73188,-26117,A1,RMIN,3.857536
W4WH,H51Z,73188,-26117,A5,RMIN,4.06568
W4WH,H51Z,73188,-26117,A8,RMIN,2.82842
W4WH,H51Z,73188,-26117,AC,RMIN,3.503902
W26M,J51Z,-65484,-52106.6,A1,R0,4.33696
W26M,J51Z,-65484,-52106.6,A5,R0,4.542509
W26M,J51Z,-65484,-52106.6,A8,R0,4.024739
W26M,J51Z,-65484,-52106.6,AC,R0,4.166765
W26M,J51Z,-65484,-52106.6,A1,RMAX,8.070206
W26M,J51Z,-65484,-52106.6,A5,RMAX,8.320619
W26M,J51Z,-65484,-52106.6,A8,RMAX,6.121438
W26M,J51Z,-65484,-52106.6,AC,RMAX,7.86137
W26M,J51Z,-65484,-52106.6,A1,RMIN,4.275441
W26M,J51Z,-65484,-52106.6,A5,RMIN,4.451685
W26M,J51Z,-65484,-52106.6,A8,RMIN,3.38978
W26M,J51Z,-65484,-52106.6,AC,RMIN,3.936788
W3X6,J51Z,-65484,-52106.6,A1,R0,4.07132
W3X6,J51Z,-65484,-52106.6,A5,R0,4.501505
W3X6,J51Z,-65484,-52106.6,A8,R0,3.822944
W3X6,J51Z,-65484,-52106.6,AC,R0,4.039237
W3X6,J51Z,-65484,-52106.6,A1,RMAX,7.57651
W3X6,J51Z,-65484,-52106.6,A5,RMAX,8.111059
W3X6,J51Z,-65484,-52106.6,A8,RMAX,5.678598
W3X6,J51Z,-65484,-52106.6,AC,RMAX,7.513478
W3X6,J51Z,-65484,-52106.6,A1,RMIN,4.007738
W3X6,J51Z,-65484,-52106.6,A5,RMIN,4.339848
W3X6,J51Z,-65484,-52106.6,A8,RMIN,3.258694
W3X6,J51Z,-65484,-52106.6,AC,RMIN,3.743157
W3X9,J51Z,-65484,-52106.6,A1,R0,4.044016
W3X9,J51Z,-65484,-52106.6,A5,R0,4.470083
W3X9,J51Z,-65484,-52106.6,A8,R0,3.633762
W3X9,J51Z,-65484,-52106.6,AC,R0,4.274263
W3X9,J51Z,-65484,-52106.6,A1,RMAX,7.36594
W3X9,J51Z,-65484,-52106.6,A5,RMAX,8.274535
W3X9,J51Z,-65484,-52106.6,A8,RMAX,5.64664
W3X9,J51Z,-65484,-52106.6,AC,RMAX,7.793697
W3X9,J51Z,-65484,-52106.6,A1,RMIN,3.993149
W3X9,J51Z,-65484,-52106.6,A5,RMIN,4.371669
W3X9,J51Z,-65484,-52106.6,A8,RMIN,3.06326
W3X9,J51Z,-65484,-52106.6,AC,RMIN,3.881494
W4PM,J51Z,-65484,-52106.6,A1,R0,3.908362
W4PM,J51Z,-65484,-52106.6,A5,R0,4.254786
W4PM,J51Z,-65484,-52106.6,A8,R0,3.459312
W4PM,J51Z,-65484,-52106.6,AC,R0,3.699576
W4PM,J51Z,-65484,-52106.6,A1,RMAX,6.949011
W4PM,J51Z,-65484,-52106.6,A5,RMAX,7.575321
W4PM,J51Z,-65484,-52106.6,A8,RMAX,5.338638
W4PM,J51Z,-65484,-52106.6,AC,RMAX,6.935105
W4PM,J51Z,-65484,-52106.6,A1,RMIN,3.844678
W4PM,J51Z,-65484,-52106.6,A5,RMIN,4.155938
W4PM,J51Z,-65484,-52106.6,A8,RMIN,2.960252
W4PM,J51Z,-65484,-52106.6,AC,RMIN,3.566632
W4WH,J51Z,-65484,-52106.6,A1,R0,3.885563
W4WH,J51Z,-65484,-52106.6,A5,R0,4.261909
W4WH,J51Z,-65484,-52106.6,A8,R0,3.474281
W4WH,J51Z,-65484,-52106.6,AC,R0,3.717695
W4WH,J51Z,-65484,-52106.6,A1,RMAX,6.882151
W4WH,J51Z,-65484,-52106.6,A5,RMAX,7.519789
W4WH,J51Z,-65484,-52106.6,A8,RMAX,5.346636
W4WH,J51Z,-65484,-52106.6,AC,RMAX,6.840759
W4WH,J51Z,-65484,-52106.6,A1,RMIN,3.854019
W4WH,J51Z,-65484,-52106.6,A5,RMIN,4.152225
W4WH,J51Z,-65484,-52106.6,A8,RMIN,2.959447
W4WH,J51Z,-65484,-52106.6,AC,RMIN,3.548179
W26M,K51Z,-42372,-52106.6,A1,R0,4.518381
W26M,K51Z,-42372,-52106.6,A5,R0,4.68499
W26M,K51Z,-42372,-52106.6,A8,R0,4.230409
W26M,K51Z,-42372,-52106.6,AC,R0,4.112249
W26M,K51Z,-42372,-52106.6,A1,RMAX,8.34764
W26M,K51Z,-42372,-52106.6,A5,RMAX,8.718074
W26M,K51Z,-42372,-52106.6,A8,RMAX,6.200553
W26M,K51Z,-42372,-52106.6,AC,RMAX,7.818435
W26M,K51Z,-42372,-52106.6,A1,RMIN,4.444583
W26M,K51Z,-42372,-52106.6,A5,RMIN,4.574007
W26M,K51Z,-42372,-52106.6,A8,RMIN,3.584396
W26M,K51Z,-42372,-52106.6,AC,RMIN,3.894155
W3X6,K51Z,-42372,-52106.6,A1,R0,4.242716
W3X6,K51Z,-42372,-52106.6,A5,R0,4.52102
W3X6,K51Z,-42372,-52106.6,A8,R0,3.992554
W3X6,K51Z,-42372,-52106.6,AC,R0,4.622633
W3X6,K51Z,-42372,-52106.6,A1,RMAX,7.89203
W3X6,K51Z,-42372,-52106.6,A5,RMAX,8.254084
W3X6,K51Z,-42372,-52106.6,A8,RMAX,5.978581
W3X6,K51Z,-42372,-52106.6,AC,RMAX,7.635518
W3X6,K51Z,-42372,-52106.6,A1,RMIN,4.180931
W3X6,K51Z,-42372,-52106.6,A5,RMIN,4.39907
W3X6,K51Z,-42372,-52106.6,A8,RMIN,3.388438
W3X6,K51Z,-42372,-52106.6,AC,RMIN,3.821835
W3X9,K51Z,-42372,-52106.6,A1,R0,4.172784
W3X9,K51Z,-42372,-52106.6,A5,R0,4.548446
W3X9,K51Z,-42372,-52106.6,A8,R0,3.766865
W3X9,K51Z,-42372,-52106.6,AC,R0,4.181325
W3X9,K51Z,-42372,-52106.6,A1,RMAX,7.711368
W3X9,K51Z,-42372,-52106.6,A5,RMAX,8.332381
W3X9,K51Z,-42372,-52106.6,A8,RMAX,6.000487
W3X9,K51Z,-42372,-52106.6,AC,RMAX,7.802611
W3X9,K51Z,-42372,-52106.6,A1,RMIN,4.130601
W3X9,K51Z,-42372,-52106.6,A5,RMIN,4.410488
W3X9,K51Z,-42372,-52106.6,A8,RMIN,3.208226
W3X9,K51Z,-42372,-52106.6,AC,RMIN,3.899359
W4PM,K51Z,-42372,-52106.6,A1,R0,4.044927
W4PM,K51Z,-42372,-52106.6,A5,R0,4.310577
W4PM,K51Z,-42372,-52106.6,A8,R0,3.591875
W4PM,K51Z,-42372,-52106.6,AC,R0,3.873773
W4PM,K51Z,-42372,-52106.6,A1,RMAX,7.2467
W4PM,K51Z,-42372,-52106.6,A5,RMAX,7.684997
W4PM,K51Z,-42372,-52106.6,A8,RMAX,5.548783
W4PM,K51Z,-42372,-52106.6,AC,RMAX,7.006194
W4PM,K51Z,-42372,-52106.6,A1,RMIN,4.000017
W4PM,K51Z,-42372,-52106.6,A5,RMIN,4.207139
W4PM,K51Z,-42372,-52106.6,A8,RMIN,3.038577
W4PM,K51Z,-42372,-52106.6,AC,RMIN,3.578377
W4WH,K51Z,-42372,-52106.6,A1,R0,4.059776
W4WH,K51Z,-42372,-52106.6,A5,R0,4.312217
W4WH,K51Z,-42372,-52106.6,A8,R0,3.631628
W4WH,K51Z,-42372,-52106.6,AC,R0,3.676228
W4WH,K51Z,-42372,-52106.6,A1,RMAX,7.136414
W4WH,K51Z,-42372,-52106.6,A5,RMAX,7.702031
W4WH,K51Z,-42372,-52106.6,A8,RMAX,5.563676
W4WH,K51Z,-42372,-52106.6,AC,RMAX,6.901038
W4WH,K51Z,-42372,-52106.6,A1,RMIN,4.026661
W4WH,K51Z,-42372,-52106.6,A5,RMIN,4.216051
W4WH,K51Z,-42372,-52106.6,A8,RMIN,3.093237
W4WH,K51Z,-42372,-52106.6,AC,RMIN,3.531104
W26M,L51Z,-19260,-52106.6,A1,R0,4.471658
W26M,L51Z,-19260,-52106.6,A5,R0,4.56259
W26M,L51Z,-19260,-52106.6,A8,R0,4.216257
W26M,L51Z,-19260,-52106.6,AC,R0,4.483303
W26M,L51Z,-19260,-52106.6,A1,RMAX,8.288521
W26M,L51Z,-19260,-52106.6,A5,RMAX,8.490183
W26M,L51Z,-19260,-52106.6,A8,RMAX,6.347753
W26M,L51Z,-19260,-52106.6,AC,RMAX,7.73088
W26M,L51Z,-19260,-52106.6,A1,RMIN,4.409997
W26M,L51Z,-19260,-52106.6,A5,RMIN,4.472636
W26M,L51Z,-19260,-52106.6,A8,RMIN,3.554663
W26M,L51Z,-19260,-52106.6,AC,RMIN,3.853319
W3X6,L51Z,-19260,-52106.6,A1,R0,4.170683
W3X6,L51Z,-19260,-52106.6,A5,R0,4.459558
W3X6,L51Z,-19260,-52106.6,A8,R0,3.908129
W3X6,L51Z,-19260,-52106.6,AC,R0,4.124428
W3X6,L51Z,-19260,-52106.6,A1,RMAX,7.684899
W3X6,L51Z,-19260,-52106.6,A5,RMAX,8.223896
W3X6,L51Z,-19260,-52106.6,A8,RMAX,5.825978
W3X6,L51Z,-19260,-52106.6,AC,RMAX,7.551659
W3X6,L51Z,-19260,-52106.6,A1,RMIN,4.113704
W3X6,L51Z,-19260,-52106.6,A5,RMIN,4.345006
W3X6,L51Z,-19260,-52106.6,A8,RMIN,3.285746
W3X6,L51Z,-19260,-52106.6,AC,RMIN,3.769758
W3X9,L51Z,-19260,-52106.6,A1,R0,4.210614
W3X9,L51Z,-19260,-52106.6,A5,R0,4.515769
W3X9,L51Z,-19260,-52106.6,A8,R0,3.735635
W3X9,L51Z,-19260,-52106.6,AC,R0,3.989813
W3X9,L51Z,-19260,-52106.6,A1,RMAX,7.789414
W3X9,L51Z,-19260,-52106.6,A5,RMAX,8.252843
W3X9,L51Z,-19260,-52106.6,A8,RMAX,5.805238
W3X9,L51Z,-19260,-52106.6,AC,RMAX,7.559392
W3X9,L51Z,-19260,-52106.6,A1,RMIN,4.155405
W3X9,L51Z,-19260,-52106.6,A5,RMIN,4.381694
W3X9,L51Z,-19260,-52106.6,A8,RMIN,3.117845
W3X9,L51Z,-19260,-52106.6,AC,RMIN,3.771245
W4PM,L51Z,-19260,-52106.6,A1,R0,4.023175
W4PM,L51Z,-19260,-52106.6,A5,R0,4.225082
W4PM,L51Z,-19260,-52106.6,A8,R0,3.460861
W4PM,L51Z,-19260,-52106.6,AC,R0,3.652919
W4PM,L51Z,-19260,-52106.6,A1,RMAX,7.211142
W4PM,L51Z,-19260,-52106.6,A5,RMAX,7.524153
W4PM,L51Z,-19260,-52106.6,A8,RMAX,5.342109
W4PM,L51Z,-19260,-52106.6,AC,RMAX,6.757731
W4PM,L51Z,-19260,-52106.6,A1,RMIN,3.977736
W4PM,L51Z,-19260,-52106.6,A5,RMIN,4.163575
W4PM,L51Z,-19260,-52106.6,A8,RMIN,2.981785
W4PM,L51Z,-19260,-52106.6,AC,RMIN,3.486475
W4WH,L51Z,-19260,-52106.6,A1,R0,4.001017
W4WH,L51Z,-19260,-52106.6,A5,R0,4.230667
W4WH,L51Z,-19260,-52106.6,A8,R0,3.600296
W4WH,L51Z,-19260,-52106.6,AC,R0,3.686453
W4WH,L51Z,-19260,-52106.6,A1,RMAX,7.173788
W4WH,L51Z,-19260,-52106.6,A5,RMAX,7.581525
W4WH,L51Z,-19260,-52106.6,A8,RMAX,5.477593
W4WH,L51Z,-19260,-52106.6,AC,RMAX,6.826548
W4WH,L51Z,-19260,-52106.6,A1,RMIN,3.97463
W4WH,L51Z,-19260,-52106.6,A5,RMIN,4.147533
W4WH,L51Z,-19260,-52106.6,A8,RMIN,3.090859
W4WH,L51Z,-19260,-52106.6,AC,RMIN,3.517179
W26M,M51Z,3852,-52106.6,A1,R0,4.33062
W26M,M51Z,3852,-52106.6,A5,R0,4.555341
W26M,M51Z,3852,-52106.6,A8,R0,3.90275
W26M,M51Z,3852,-52106.6,AC,R0,4.155527
W26M,M51Z,3852,-52106.6,A1,RMAX,8.010864
W26M,M51Z,3852,-52106.6,A5,RMAX,8.415355
W26M,M51Z,3852,-52106.6,A8,RMAX,5.916311
W26M,M51Z,3852,-52106.6,AC,RMAX,7.630826
W26M,M51Z,3852,-52106.6,A1,RMIN,4.272968
W26M,M51Z,3852,-52106.6,A5,RMIN,4.444196
W26M,M51Z,3852,-52106.6,A8,RMIN,3.292326
W26M,M51Z,3852,-52106.6,AC,RMIN,3.798487
W3X6,M51Z,3852,-52106.6,A1,R0,4.099839
W3X6,M51Z,3852,-52106.6,A5,R0,4.443353
W3X6,M51Z,3852,-52106.6,A8,R0,3.757359
W3X6,M51Z,3852,-52106.6,AC,R0,4.094492
W3X6,M51Z,3852,-52106.6,A1,RMAX,7.605286
W3X6,M51Z,3852,-52106.6,A5,RMAX,8.126467
W3X6,M51Z,3852,-52106.6,A8,RMAX,5.759612
W3X6,M51Z,3852,-52106.6,AC,RMAX,7.196474
W3X6,M51Z,3852,-52106.6,A1,RMIN,4.041762
W3X6,M51Z,3852,-52106.6,A5,RMIN,4.315032
W3X6,M51Z,3852,-52106.6,A8,RMIN,3.182968
W3X6,M51Z,3852,-52106.6,AC,RMIN,3.618893
W3X9,M51Z,3852,-52106.6,A1,R0,4.181119
W3X9,M51Z,3852,-52106.6,A5,R0,4.486904
W3X9,M51Z,3852,-52106.6,A8,R0,3.736806
W3X9,M51Z,3852,-52106.6,AC,R0,3.930238
W3X9,M51Z,3852,-52106.6,A1,RMAX,7.818438
W3X9,M51Z,3852,-52106.6,A5,RMAX,8.195445
W3X9,M51Z,3852,-52106.6,A8,RMAX,5.731684
W3X9,M51Z,3852,-52106.6,AC,RMAX,7.521469
W3X9,M51Z,3852,-52106.6,A1,RMIN,4.130668
W3X9,M51Z,3852,-52106.6,A5,RMIN,4.346594
W3X9,M51Z,3852,-52106.6,A8,RMIN,3.159775
W3X9,M51Z,3852,-52106.6,AC,RMIN,3.758371
W4PM,M51Z,3852,-52106.6,A1,R0,3.918729
W4PM,M51Z,3852,-52106.6,A5,R0,4.170215
W4PM,M51Z,3852,-52106.6,A8,R0,3.231364
W4PM,M51Z,3852,-52106.6,AC,R0,3.629565
W4PM,M51Z,3852,-52106.6,A1,RMAX,7.071675
W4PM,M51Z,3852,-52106.6,A5,RMAX,7.355855
W4PM,M51Z,3852,-52106.6,A8,RMAX,4.993419
W4PM,M51Z,3852,-52106.6,AC,RMAX,6.751062
W4PM,M51Z,3852,-52106.6,A1,RMIN,3.869462
W4PM,M51Z,3852,-52106.6,A5,RMIN,4.081141
W4PM,M51Z,3852,-52106.6,A8,RMIN,2.831039
W4PM,M51Z,3852,-52106.6,AC,RMIN,3.45314
W4WH,M51Z,3852,-52106.6,A1,R0,3.913759
W4WH,M51Z,3852,-52106.6,A5,R0,4.188912
W4WH,M51Z,3852,-52106.6,A8,R0,3.375432
W4WH,M51Z,3852,-52106.6,AC,R0,3.563585
W4WH,M51Z,3852,-52106.6,A1,RMAX,7.078876
W4WH,M51Z,3852,-52106.6,A5,RMAX,7.522159
W4WH,M51Z,3852,-52106.6,A8,RMAX,5.211758
W4WH,M51Z,3852,-52106.6,AC,RMAX,6.554261
W4WH,M51Z,3852,-52106.6,A1,RMIN,3.881301
W4WH,M51Z,3852,-52106.6,A5,RMIN,4.106677
W4WH,M51Z,3852,-52106.6,A8,RMIN,2.8893
W4WH,M51Z,3852,-52106.6,AC,RMIN,3.390474
W26M,N51Z,26964,-52106.6,A1,R0,4.169971
W26M,N51Z,26964,-52106.6,A5,R0,4.452429
W26M,N51Z,26964,-52106.6,A8,R0,3.743217
W26M,N51Z,26964,-52106.6,AC,R0,4.464845
W26M,N51Z,26964,-52106.6,A1,RMAX,7.68058
W26M,N51Z,26964,-52106.6,A5,RMAX,8.210336
W26M,N51Z,26964,-52106.6,A8,RMAX,5.703149
W26M,N51Z,26964,-52106.6,AC,RMAX,7.607625
W26M,N51Z,26964,-52106.6,A1,RMIN,4.120059
W26M,N51Z,26964,-52106.6,A5,RMIN,4.355143
W26M,N51Z,26964,-52106.6,A8,RMIN,3.202589
W26M,N51Z,26964,-52106.6,AC,RMIN,3.794743
W3X6,N51Z,26964,-52106.6,A1,R0,4.078245
W3X6,N51Z,26964,-52106.6,A5,R0,4.425158
W3X6,N51Z,26964,-52106.6,A8,R0,3.764403
W3X6,N51Z,26964,-52106.6,AC,R0,4.136099
W3X6,N51Z,26964,-52106.6,A1,RMAX,7.578482
W3X6,N51Z,26964,-52106.6,A5,RMAX,8.117665
W3X6,N51Z,26964,-52106.6,A8,RMAX,5.689231
W3X6,N51Z,26964,-52106.6,AC,RMAX,7.402381
W3X6,N51Z,26964,-52106.6,A1,RMIN,4.03348
W3X6,N51Z,26964,-52106.6,A5,RMIN,4.295618
W3X6,N51Z,26964,-52106.6,A8,RMIN,3.183802
W3X6,N51Z,26964,-52106.6,AC,RMIN,3.717664
W3X9,N51Z,26964,-52106.6,A1,R0,4.094515
W3X9,N51Z,26964,-52106.6,A5,R0,4.531218
W3X9,N51Z,26964,-52106.6,A8,R0,3.757917
W3X9,N51Z,26964,-52106.6,AC,R0,4.033861
W3X9,N51Z,26964,-52106.6,A1,RMAX,7.535739
W3X9,N51Z,26964,-52106.6,A5,RMAX,8.299489
W3X9,N51Z,26964,-52106.6,A8,RMAX,5.809189
W3X9,N51Z,26964,-52106.6,AC,RMAX,7.730085
W3X9,N51Z,26964,-52106.6,A1,RMIN,4.040355
W3X9,N51Z,26964,-52106.6,A5,RMIN,4.411806
W3X9,N51Z,26964,-52106.6,A8,RMIN,3.156453
W3X9,N51Z,26964,-52106.6,AC,RMIN,3.870285
W4PM,N51Z,26964,-52106.6,A1,R0,3.794289
W4PM,N51Z,26964,-52106.6,A5,R0,4.124874
W4PM,N51Z,26964,-52106.6,A8,R0,3.265943
W4PM,N51Z,26964,-52106.6,AC,R0,3.660122
W4PM,N51Z,26964,-52106.6,A1,RMAX,6.720937
W4PM,N51Z,26964,-52106.6,A5,RMAX,7.3028
W4PM,N51Z,26964,-52106.6,A8,RMAX,5.118505
W4PM,N51Z,26964,-52106.6,AC,RMAX,6.544352
W4PM,N51Z,26964,-52106.6,A1,RMIN,3.755228
W4PM,N51Z,26964,-52106.6,A5,RMIN,4.019333
W4PM,N51Z,26964,-52106.6,A8,RMIN,2.828535
W4PM,N51Z,26964,-52106.6,AC,RMIN,3.36938
W4WH,N51Z,26964,-52106.6,A1,R0,3.83482
W4WH,N51Z,26964,-52106.6,A5,R0,4.150534
W4WH,N51Z,26964,-52106.6,A8,R0,3.277432
W4WH,N51Z,26964,-52106.6,AC,R0,3.628378
W4WH,N51Z,26964,-52106.6,A1,RMAX,6.956182
W4WH,N51Z,26964,-52106.6,A5,RMAX,7.476508
W4WH,N51Z,26964,-52106.6,A8,RMAX,5.112237
W4WH,N51Z,26964,-52106.6,AC,RMAX,6.719095
W4WH,N51Z,26964,-52106.6,A1,RMIN,3.809168
W4WH,N51Z,26964,-52106.6,A5,RMIN,4.078209
W4WH,N51Z,26964,-52106.6,A8,RMIN,2.822393
W4WH,N51Z,26964,-52106.6,AC,RMIN,3.46241
W26M,P51Z,50076,-52106.6,A1,R0,4.350829
W26M,P51Z,50076,-52106.6,A5,R0,4.522355
W26M,P51Z,50076,-52106.6,A8,R0,3.915411
W26M,P51Z,50076,-52106.6,AC,R0,4.158182
W26M,P51Z,50076,-52106.6,A1,RMAX,8.050224
W26M,P51Z,50076,-52106.6,A5,RMAX,8.269065
W26M,P51Z,50076,-52106.6,A8,RMAX,5.979237
W26M,P51Z,50076,-52106.6,AC,RMAX,7.62079
W26M,P51Z,50076,-52106.6,A1,RMIN,4.298983
W26M,P51Z,50076,-52106.6,A5,RMIN,4.40632
W26M,P51Z,50076,-52106.6,A8,RMIN,3.352009
W26M,P51Z,50076,-52106.6,AC,RMIN,3.841835
W3X6,P51Z,50076,-52106.6,A1,R0,4.052591
W3X6,P51Z,50076,-52106.6,A5,R0,4.383567
W3X6,P51Z,50076,-52106.6,A8,R0,3.78538
W3X6,P51Z,50076,-52106.6,AC,R0,4.166218
W3X6,P51Z,50076,-52106.6,A1,RMAX,7.460203
W3X6,P51Z,50076,-52106.6,A5,RMAX,8.007998
W3X6,P51Z,50076,-52106.6,A8,RMAX,5.699399
W3X6,P51Z,50076,-52106.6,AC,RMAX,7.359628
W3X6,P51Z,50076,-52106.6,A1,RMIN,4.007217
W3X6,P51Z,50076,-52106.6,A5,RMIN,4.262052
W3X6,P51Z,50076,-52106.6,A8,RMIN,3.222964
W3X6,P51Z,50076,-52106.6,AC,RMIN,3.659414
W3X9,P51Z,50076,-52106.6,A1,R0,4.236375
W3X9,P51Z,50076,-52106.6,A5,R0,4.524289
W3X9,P51Z,50076,-52106.6,A8,R0,3.694936
W3X9,P51Z,50076,-52106.6,AC,R0,3.948852
W3X9,P51Z,50076,-52106.6,A1,RMAX,7.853313
W3X9,P51Z,50076,-52106.6,A5,RMAX,8.281617
W3X9,P51Z,50076,-52106.6,A8,RMAX,5.597098
W3X9,P51Z,50076,-52106.6,AC,RMAX,7.573362
W3X9,P51Z,50076,-52106.6,A1,RMIN,4.187771
W3X9,P51Z,50076,-52106.6,A5,RMIN,4.419624
W3X9,P51Z,50076,-52106.6,A8,RMIN,3.169358
W3X9,P51Z,50076,-52106.6,AC,RMIN,3.802624
W4PM,P51Z,50076,-52106.6,A1,R0,3.851473
W4PM,P51Z,50076,-52106.6,A5,R0,4.156865
W4PM,P51Z,50076,-52106.6,A8,R0,3.277339
W4PM,P51Z,50076,-52106.6,AC,R0,3.572944
W4PM,P51Z,50076,-52106.6,A1,RMAX,6.942014
W4PM,P51Z,50076,-52106.6,A5,RMAX,7.390946
W4PM,P51Z,50076,-52106.6,A8,RMAX,5.013246
W4PM,P51Z,50076,-52106.6,AC,RMAX,6.73454
W4PM,P51Z,50076,-52106.6,A1,RMIN,3.809543
W4PM,P51Z,50076,-52106.6,A5,RMIN,4.054226
W4PM,P51Z,50076,-52106.6,A8,RMIN,2.854023
W4PM,P51Z,50076,-52106.6,AC,RMIN,3.443083
W4WH,P51Z,50076,-52106.6,A1,R0,3.902978
W4WH,P51Z,50076,-52106.6,A5,R0,4.193496
W4WH,P51Z,50076,-52106.6,A8,R0,3.35238
W4WH,P51Z,50076,-52106.6,AC,R0,3.614046
W4WH,P51Z,50076,-52106.6,A1,RMAX,6.976458
W4WH,P51Z,50076,-52106.6,A5,RMAX,7.531381
W4WH,P51Z,50076,-52106.6,A8,RMAX,5.141082
W4WH,P51Z,50076,-52106.6,AC,RMAX,6.816561
W4WH,P51Z,50076,-52106.6,A1,RMIN,3.868562
W4WH,P51Z,50076,-52106.6,A5,RMIN,4.110321
W4WH,P51Z,50076,-52106.6,A8,RMIN,2.905406
W4WH,P51Z,50076,-52106.6,AC,RMIN,3.504006
W26M,Q51Z,-42372,-78096.2,A1,R0,4.081656
W26M,Q51Z,-42372,-78096.2,A5,R0,4.398616
W26M,Q51Z,-42372,-78096.2,A8,R0,3.98191
W26M,Q51Z,-42372,-78096.2,AC,R0,3.826373
W26M,Q51Z,-42372,-78096.2,A1,RMAX,7.536981
W26M,Q51Z,-42372,-78096.2,A5,RMAX,8.105103
W26M,Q51Z,-42372,-78096.2,A8,RMAX,6.009558
W26M,Q51Z,-42372,-78096.2,AC,RMAX,7.340982
W26M,Q51Z,-42372,-78096.2,A1,RMIN,4.05545
W26M,Q51Z,-42372,-78096.2,A5,RMIN,4.302301
W26M,Q51Z,-42372,-78096.2,A8,RMIN,3.336436
W26M,Q51Z,-42372,-78096.2,AC,RMIN,3.695557
W3X6,Q51Z,-42372,-78096.2,A1,R0,3.913431
W3X6,Q51Z,-42372,-78096.2,A5,R0,4.275534
W3X6,Q51Z,-42372,-78096.2,A8,R0,3.69581
W3X6,Q51Z,-42372,-78096.2,AC,R0,3.655994
W3X6,Q51Z,-42372,-78096.2,A1,RMAX,7.250884
W3X6,Q51Z,-42372,-78096.2,A5,RMAX,7.76027
W3X6,Q51Z,-42372,-78096.2,A8,RMAX,5.541783
W3X6,Q51Z,-42372,-78096.2,AC,RMAX,7.004381
W3X6,Q51Z,-42372,-78096.2,A1,RMIN,3.850394
W3X6,Q51Z,-42372,-78096.2,A5,RMIN,4.154291
W3X6,Q51Z,-42372,-78096.2,A8,RMIN,3.114086
W3X6,Q51Z,-42372,-78096.2,AC,RMIN,3.544272
W3X9,Q51Z,-42372,-78096.2,A1,R0,3.81536
W3X9,Q51Z,-42372,-78096.2,A5,R0,4.267465
W3X9,Q51Z,-42372,-78096.2,A8,R0,3.344057
W3X9,Q51Z,-42372,-78096.2,AC,R0,3.730057
W3X9,Q51Z,-42372,-78096.2,A1,RMAX,6.975821
W3X9,Q51Z,-42372,-78096.2,A5,RMAX,7.787076
W3X9,Q51Z,-42372,-78096.2,A8,RMAX,5.195323
W3X9,Q51Z,-42372,-78096.2,AC,RMAX,7.20479
W3X9,Q51Z,-42372,-78096.2,A1,RMIN,3.768823
W3X9,Q51Z,-42372,-78096.2,A5,RMIN,4.159904
W3X9,Q51Z,-42372,-78096.2,A8,RMIN,2.892329
W3X9,Q51Z,-42372,-78096.2,AC,RMIN,3.610158
W4PM,Q51Z,-42372,-78096.2,A1,R0,3.711918
W4PM,Q51Z,-42372,-78096.2,A5,R0,4.020483
W4PM,Q51Z,-42372,-78096.2,A8,R0,3.326037
W4PM,Q51Z,-42372,-78096.2,AC,R0,3.530923
W4PM,Q51Z,-42372,-78096.2,A1,RMAX,6.59422
W4PM,Q51Z,-42372,-78096.2,A5,RMAX,7.139163
W4PM,Q51Z,-42372,-78096.2,A8,RMAX,5.152673
W4PM,Q51Z,-42372,-78096.2,AC,RMAX,6.625774
W4PM,Q51Z,-42372,-78096.2,A1,RMIN,3.679688
W4PM,Q51Z,-42372,-78096.2,A5,RMIN,3.933057
W4PM,Q51Z,-42372,-78096.2,A8,RMIN,2.840351
W4PM,Q51Z,-42372,-78096.2,AC,RMIN,3.409989
W4WH,Q51Z,-42372,-78096.2,A1,R0,3.730498
W4WH,Q51Z,-42372,-78096.2,A5,R0,4.062548
W4WH,Q51Z,-42372,-78096.2,A8,R0,3.40857
W4WH,Q51Z,-42372,-78096.2,AC,R0,3.613136
W4WH,Q51Z,-42372,-78096.2,A1,RMAX,6.628018
W4WH,Q51Z,-42372,-78096.2,A5,RMAX,7.172427
W4WH,Q51Z,-42372,-78096.2,A8,RMAX,5.206661
W4WH,Q51Z,-42372,-78096.2,AC,RMAX,6.587577
W4WH,Q51Z,-42372,-78096.2,A1,RMIN,3.700852
W4WH,Q51Z,-42372,-78096.2,A5,RMIN,3.985817
W4WH,Q51Z,-42372,-78096.2,A8,RMIN,2.911089
W4WH,Q51Z,-42372,-78096.2,AC,RMIN,3.426171
W26M,R51Z,-19260,-78096.2,A1,R0,4.458841
W26M,R51Z,-19260,-78096.2,A5,R0,4.712021
W26M,R51Z,-19260,-78096.2,A8,R0,4.329734
W26M,R51Z,-19260,-78096.2,AC,R0,4.20323
W26M,R51Z,-19260,-78096.2,A1,RMAX,8.071863
W26M,R51Z,-19260,-78096.2,A5,RMAX,8.640744
W26M,R51Z,-19260,-78096.2,A8,RMAX,6.421749
W26M,R51Z,-19260,-78096.2,AC,RMAX,8.063248
W26M,R51Z,-19260,-78096.2,A1,RMIN,4.405441
W26M,R51Z,-19260,-78096.2,A5,RMIN,4.581038
W26M,R51Z,-19260,-78096.2,A8,RMIN,3.622346
W26M,R51Z,-19260,-78096.2,AC,RMIN,4.034832
W3X6,R51Z,-19260,-78096.2,A1,R0,4.177058
W3X6,R51Z,-19260,-78096.2,A5,R0,4.543968
W3X6,R51Z,-19260,-78096.2,A8,R0,3.776496
W3X6,R51Z,-19260,-78096.2,AC,R0,4.404365
W3X6,R51Z,-19260,-78096.2,A1,RMAX,7.701136
W3X6,R51Z,-19260,-78096.2,A5,RMAX,8.282033
W3X6,R51Z,-19260,-78096.2,A8,RMAX,5.812599
W3X6,R51Z,-19260,-78096.2,AC,RMAX,7.564235
W3X6,R51Z,-19260,-78096.2,A1,RMIN,4.126464
W3X6,R51Z,-19260,-78096.2,A5,RMIN,4.404264
W3X6,R51Z,-19260,-78096.2,A8,RMIN,3.216872
W3X6,R51Z,-19260,-78096.2,AC,RMIN,3.790615
W3X9,R51Z,-19260,-78096.2,A1,R0,4.194651
W3X9,R51Z,-19260,-78096.2,A5,R0,4.601631
W3X9,R51Z,-19260,-78096.2,A8,R0,3.765999
W3X9,R51Z,-19260,-78096.2,AC,R0,4.168641
W3X9,R51Z,-19260,-78096.2,A1,RMAX,7.700717
W3X9,R51Z,-19260,-78096.2,A5,RMAX,8.419869
W3X9,R51Z,-19260,-78096.2,A8,RMAX,5.834045
W3X9,R51Z,-19260,-78096.2,AC,RMAX,7.740601
W3X9,R51Z,-19260,-78096.2,A1,RMIN,4.149443
W3X9,R51Z,-19260,-78096.2,A5,RMIN,4.454711
W3X9,R51Z,-19260,-78096.2,A8,RMIN,3.193632
W3X9,R51Z,-19260,-78096.2,AC,RMIN,3.881215
W4PM,R51Z,-19260,-78096.2,A1,R0,4.027548
W4PM,R51Z,-19260,-78096.2,A5,R0,4.349422
W4PM,R51Z,-19260,-78096.2,A8,R0,3.526405
W4PM,R51Z,-19260,-78096.2,AC,R0,3.812672
W4PM,R51Z,-19260,-78096.2,A1,RMAX,7.178038
W4PM,R51Z,-19260,-78096.2,A5,RMAX,7.705028
W4PM,R51Z,-19260,-78096.2,A8,RMAX,5.300203
W4PM,R51Z,-19260,-78096.2,AC,RMAX,7.106179
W4PM,R51Z,-19260,-78096.2,A1,RMIN,3.970963
W4PM,R51Z,-19260,-78096.2,A5,RMIN,4.237906
W4PM,R51Z,-19260,-78096.2,A8,RMIN,3.063971
W4PM,R51Z,-19260,-78096.2,AC,RMIN,3.650157
W4WH,R51Z,-19260,-78096.2,A1,R0,4.037178
W4WH,R51Z,-19260,-78096.2,A5,R0,4.339108
W4WH,R51Z,-19260,-78096.2,A8,R0,3.659135
W4WH,R51Z,-19260,-78096.2,AC,R0,3.727482
W4WH,R51Z,-19260,-78096.2,A1,RMAX,7.236764
W4WH,R51Z,-19260,-78096.2,A5,RMAX,7.715197
W4WH,R51Z,-19260,-78096.2,A8,RMAX,5.600478
W4WH,R51Z,-19260,-78096.2,AC,RMAX,6.937369
W4WH,R51Z,-19260,-78096.2,A1,RMIN,3.994727
W4WH,R51Z,-19260,-78096.2,A5,RMIN,4.265439
W4WH,R51Z,-19260,-78096.2,A8,RMIN,3.134963
W4WH,R51Z,-19260,-78096.2,AC,RMIN,3.587272
W26M,S51Z,3852,-78096.2,A1,R0,4.270869
W26M,S51Z,3852,-78096.2,A5,R0,4.635584
W26M,S51Z,3852,-78096.2,A8,R0,3.974249
W26M,S51Z,3852,-78096.2,AC,R0,4.439974
W26M,S51Z,3852,-78096.2,A1,RMAX,7.901673
W26M,S51Z,3852,-78096.2,A5,RMAX,8.533571
W26M,S51Z,3852,-78096.2,A8,RMAX,5.92544
W26M,S51Z,3852,-78096.2,AC,RMAX,7.742317
W26M,S51Z,3852,-78096.2,A1,RMIN,4.220966
W26M,S51Z,3852,-78096.2,A5,RMIN,4.507689
W26M,S51Z,3852,-78096.2,A8,RMIN,3.333695
W26M,S51Z,3852,-78096.2,AC,RMIN,3.867704
W3X6,S51Z,3852,-78096.2,A1,R0,4.177801
W3X6,S51Z,3852,-78096.2,A5,R0,4.469001
W3X6,S51Z,3852,-78096.2,A8,R0,3.694039
W3X6,S51Z,3852,-78096.2,AC,R0,4.041247
W3X6,S51Z,3852,-78096.2,A1,RMAX,7.535358
W3X6,S51Z,3852,-78096.2,A5,RMAX,8.091582
W3X6,S51Z,3852,-78096.2,A8,RMAX,5.690274
W3X6,S51Z,3852,-78096.2,AC,RMAX,7.50636
W3X6,S51Z,3852,-78096.2,A1,RMIN,3.995444
W3X6,S51Z,3852,-78096.2,A5,RMIN,4.33847
W3X6,S51Z,3852,-78096.2,A8,RMIN,3.142053
W3X6,S51Z,3852,-78096.2,AC,RMIN,3.774131
W3X9,S51Z,3852,-78096.2,A1,R0,4.174815
W3X9,S51Z,3852,-78096.2,A5,R0,4.518619
W3X9,S51Z,3852,-78096.2,A8,R0,3.76911
W3X9,S51Z,3852,-78096.2,AC,R0,4.195497
W3X9,S51Z,3852,-78096.2,A1,RMAX,7.725404
W3X9,S51Z,3852,-78096.2,A5,RMAX,8.303945
W3X9,S51Z,3852,-78096.2,A8,RMAX,5.720386
W3X9,S51Z,3852,-78096.2,AC,RMAX,7.742689
W3X9,S51Z,3852,-78096.2,A1,RMIN,4.130832
W3X9,S51Z,3852,-78096.2,A5,RMIN,4.412147
W3X9,S51Z,3852,-78096.2,A8,RMIN,3.192032
W3X9,S51Z,3852,-78096.2,AC,RMIN,3.866977
W4PM,S51Z,3852,-78096.2,A1,R0,3.829734
W4PM,S51Z,3852,-78096.2,A5,R0,4.146555
W4PM,S51Z,3852,-78096.2,A8,R0,3.237288
W4PM,S51Z,3852,-78096.2,AC,R0,3.800818
W4PM,S51Z,3852,-78096.2,A1,RMAX,6.860995
W4PM,S51Z,3852,-78096.2,A5,RMAX,7.262902
W4PM,S51Z,3852,-78096.2,A8,RMAX,4.944246
W4PM,S51Z,3852,-78096.2,AC,RMAX,6.858607
W4PM,S51Z,3852,-78096.2,A1,RMIN,3.79268
W4PM,S51Z,3852,-78096.2,A5,RMIN,4.090615
W4PM,S51Z,3852,-78096.2,A8,RMIN,2.833592
W4PM,S51Z,3852,-78096.2,AC,RMIN,3.509316
W4WH,S51Z,3852,-78096.2,A1,R0,3.871863
W4WH,S51Z,3852,-78096.2,A5,R0,4.156724
W4WH,S51Z,3852,-78096.2,A8,R0,3.301895
W4WH,S51Z,3852,-78096.2,AC,R0,3.634595
W4WH,S51Z,3852,-78096.2,A1,RMAX,6.879461
W4WH,S51Z,3852,-78096.2,A5,RMAX,7.428401
W4WH,S51Z,3852,-78096.2,A8,RMAX,5.06332
W4WH,S51Z,3852,-78096.2,AC,RMAX,6.753004
W4WH,S51Z,3852,-78096.2,A1,RMIN,3.828793
W4WH,S51Z,3852,-78096.2,A5,RMIN,4.076179
W4WH,S51Z,3852,-78096.2,A8,RMIN,2.872118
W4WH,S51Z,3852,-78096.2,AC,RMIN,3.486602
W26M,T51Z,26964,-78096.2,A1,R0,4.207043
W26M,T51Z,26964,-78096.2,A5,R0,4.434611
W26M,T51Z,26964,-78096.2,A8,R0,3.80303
W26M,T51Z,26964,-78096.2,AC,R0,4.174569
W26M,T51Z,26964,-78096.2,A1,RMAX,7.723191
W26M,T51Z,26964,-78096.2,A5,RMAX,8.222686
W26M,T51Z,26964,-78096.2,A8,RMAX,5.917673
W26M,T51Z,26964,-78096.2,AC,RMAX,7.534883
W26M,T51Z,26964,-78096.2,A1,RMIN,4.151834
W26M,T51Z,26964,-78096.2,A5,RMIN,4.334623
W26M,T51Z,26964,-78096.2,A8,RMIN,3.242654
W26M,T51Z,26964,-78096.2,AC,RMIN,3.756843
W3X6,T51Z,26964,-78096.2,A1,R0,4.014542
W3X6,T51Z,26964,-78096.2,A5,R0,4.377816
W3X6,T51Z,26964,-78096.2,A8,R0,3.706189
W3X6,T51Z,26964,-78096.2,AC,R0,3.830088
W3X6,T51Z,26964,-78096.2,A1,RMAX,7.379738
W3X6,T51Z,26964,-78096.2,A5,RMAX,8.018734
W3X6,T51Z,26964,-78096.2,A8,RMAX,5.600753
W3X6,T51Z,26964,-78096.2,AC,RMAX,7.278599
W3X6,T51Z,26964,-78096.2,A1,RMIN,3.960464
W3X6,T51Z,26964,-78096.2,A5,RMIN,4.270931
W3X6,T51Z,26964,-78096.2,A8,RMIN,3.180724
W3X6,T51Z,26964,-78096.2,AC,RMIN,3.647127
W3X9,T51Z,26964,-78096.2,A1,R0,4.151985
W3X9,T51Z,26964,-78096.2,A5,R0,4.432906
W3X9,T51Z,26964,-78096.2,A8,R0,3.65204
W3X9,T51Z,26964,-78096.2,AC,R0,3.905714
W3X9,T51Z,26964,-78096.2,A1,RMAX,7.5912
W3X9,T51Z,26964,-78096.2,A5,RMAX,8.044662
W3X9,T51Z,26964,-78096.2,A8,RMAX,5.564317
W3X9,T51Z,26964,-78096.2,AC,RMAX,7.419355
W3X9,T51Z,26964,-78096.2,A1,RMIN,4.08031
W3X9,T51Z,26964,-78096.2,A5,RMIN,4.335196
W3X9,T51Z,26964,-78096.2,A8,RMIN,3.118349
W3X9,T51Z,26964,-78096.2,AC,RMIN,3.722097
W4PM,T51Z,26964,-78096.2,A1,R0,3.84783
W4PM,T51Z,26964,-78096.2,A5,R0,4.0673
W4PM,T51Z,26964,-78096.2,A8,R0,3.283691
W4PM,T51Z,26964,-78096.2,AC,R0,3.576701
W4PM,T51Z,26964,-78096.2,A1,RMAX,6.767554
W4PM,T51Z,26964,-78096.2,A5,RMAX,7.248235
W4PM,T51Z,26964,-78096.2,A8,RMAX,5.120014
W4PM,T51Z,26964,-78096.2,AC,RMAX,6.723131
W4PM,T51Z,26964,-78096.2,A1,RMIN,3.803093
W4PM,T51Z,26964,-78096.2,A5,RMIN,3.995199
W4PM,T51Z,26964,-78096.2,A8,RMIN,2.845503
W4PM,T51Z,26964,-78096.2,AC,RMIN,3.463907
W4WH,T51Z,26964,-78096.2,A1,R0,3.839414
W4WH,T51Z,26964,-78096.2,A5,R0,4.083439
W4WH,T51Z,26964,-78096.2,A8,R0,3.298349
W4WH,T51Z,26964,-78096.2,AC,R0,3.663887
W4WH,T51Z,26964,-78096.2,A1,RMAX,6.83183
W4WH,T51Z,26964,-78096.2,A5,RMAX,7.294147
W4WH,T51Z,26964,-78096.2,A8,RMAX,5.103352
W4WH,T51Z,26964,-78096.2,AC,RMAX,6.693094
W4WH,T51Z,26964,-78096.2,A1,RMIN,3.810692
W4WH,T51Z,26964,-78096.2,A5,RMIN,4.001992
W4WH,T51Z,26964,-78096.2,A8,RMIN,2.860235
W4WH,T51Z,26964,-78096.2,AC,RMIN,3.463963
W26M,AF3Z,-88596,-127.4,A1,R0,3.960268
W26M,AF3Z,-88596,-127.4,A5,R0,4.251786
W26M,AF3Z,-88596,-127.4,A8,R0,3.436776
W26M,AF3Z,-88596,-127.4,AC,R0,4.536363
W26M,AF3Z,-88596,-127.4,A1,RMAX,7.258532
W26M,AF3Z,-88596,-127.4,A5,RMAX,7.787381
W26M,AF3Z,-88596,-127.4,A8,RMAX,5.377774
W26M,AF3Z,-88596,-127.4,AC,RMAX,7.384935
W26M,AF3Z,-88596,-127.4,A1,RMIN,3.926725
W26M,AF3Z,-88596,-127.4,A5,RMIN,4.171919
W26M,AF3Z,-88596,-127.4,A8,RMIN,2.934547
W26M,AF3Z,-88596,-127.4,AC,RMIN,3.686206
W3X6,AF3Z,-88596,-127.4,A1,R0,3.747999
W3X6,AF3Z,-88596,-127.4,A5,R0,4.178673
W3X6,AF3Z,-88596,-127.4,A8,R0,3.337258
W3X6,AF3Z,-88596,-127.4,AC,R0,3.690192
W3X6,AF3Z,-88596,-127.4,A1,RMAX,6.879537
W3X6,AF3Z,-88596,-127.4,A5,RMAX,7.52301
W3X6,AF3Z,-88596,-127.4,A8,RMAX,5.316075
W3X6,AF3Z,-88596,-127.4,AC,RMAX,7.058101
W3X6,AF3Z,-88596,-127.4,A1,RMIN,3.71117
W3X6,AF3Z,-88596,-127.4,A5,RMIN,4.032226
W3X6,AF3Z,-88596,-127.4,A8,RMIN,2.861438
W3X6,AF3Z,-88596,-127.4,AC,RMIN,3.529829
W3X9,AF3Z,-88596,-127.4,A1,R0,3.712229
W3X9,AF3Z,-88596,-127.4,A5,R0,4.253027
W3X9,AF3Z,-88596,-127.4,A8,R0,3.197193
W3X9,AF3Z,-88596,-127.4,AC,R0,3.847649
W3X9,AF3Z,-88596,-127.4,A1,RMAX,6.732764
W3X9,AF3Z,-88596,-127.4,A5,RMAX,7.75348
W3X9,AF3Z,-88596,-127.4,A8,RMAX,5.133256
W3X9,AF3Z,-88596,-127.4,AC,RMAX,7.244979
W3X9,AF3Z,-88596,-127.4,A1,RMIN,3.669112
W3X9,AF3Z,-88596,-127.4,A5,RMIN,4.139056
W3X9,AF3Z,-88596,-127.4,A8,RMIN,2.752798
W3X9,AF3Z,-88596,-127.4,AC,RMIN,3.637664
W4PM,AF3Z,-88596,-127.4,A1,R0,3.621396
W4PM,AF3Z,-88596,-127.4,A5,R0,3.953575
W4PM,AF3Z,-88596,-127.4,A8,R0,2.950353
W4PM,AF3Z,-88596,-127.4,AC,R0,3.443036
W4PM,AF3Z,-88596,-127.4,A1,RMAX,6.395164
W4PM,AF3Z,-88596,-127.4,A5,RMAX,7.022423
W4PM,AF3Z,-88596,-127.4,A8,RMAX,4.736859
W4PM,AF3Z,-88596,-127.4,AC,RMAX,6.448012
W4PM,AF3Z,-88596,-127.4,A1,RMIN,3.593505
W4PM,AF3Z,-88596,-127.4,A5,RMIN,3.874867
W4PM,AF3Z,-88596,-127.4,A8,RMIN,2.588348
W4PM,AF3Z,-88596,-127.4,AC,RMIN,3.343951
W4WH,AF3Z,-88596,-127.4,A1,R0,3.704807
W4WH,AF3Z,-88596,-127.4,A5,R0,4.022161
W4WH,AF3Z,-88596,-127.4,A8,R0,3.033494
W4WH,AF3Z,-88596,-127.4,AC,R0,3.469793
W4WH,AF3Z,-88596,-127.4,A1,RMAX,6.432378
W4WH,AF3Z,-88596,-127.4,A5,RMAX,7.088831
W4WH,AF3Z,-88596,-127.4,A8,RMAX,4.786575
W4WH,AF3Z,-88596,-127.4,AC,RMAX,6.561653
W4WH,AF3Z,-88596,-127.4,A1,RMIN,3.660314
W4WH,AF3Z,-88596,-127.4,A5,RMIN,3.940685
W4WH,AF3Z,-88596,-127.4,A8,RMIN,2.641394
W4WH,AF3Z,-88596,-127.4,AC,RMIN,3.40654
W26M,BF3Z,-65484,-127.4,A1,R0,4.308712
W26M,BF3Z,-65484,-127.4,A5,R0,4.612997
W26M,BF3Z,-65484,-127.4,A8,R0,4.090728
W26M,BF3Z,-65484,-127.4,AC,R0,4.706012
W26M,BF3Z,-65484,-127.4,A1,RMAX,7.941585
W26M,BF3Z,-65484,-127.4,A5,RMAX,8.493714
W26M,BF3Z,-65484,-127.4,A8,RMAX,6.139316
W26M,BF3Z,-65484,-127.4,AC,RMAX,7.877595
W26M,BF3Z,-65484,-127.4,A1,RMIN,4.246023
W26M,BF3Z,-65484,-127.4,A5,RMIN,4.487188
W26M,BF3Z,-65484,-127.4,A8,RMIN,3.430084
W26M,BF3Z,-65484,-127.4,AC,RMIN,3.986393
W3X6,BF3Z,-65484,-127.4,A1,R0,4.107452
W3X6,BF3Z,-65484,-127.4,A5,R0,4.518738
W3X6,BF3Z,-65484,-127.4,A8,R0,3.836921
W3X6,BF3Z,-65484,-127.4,AC,R0,4.282446
W3X6,BF3Z,-65484,-127.4,A1,RMAX,7.669349
W3X6,BF3Z,-65484,-127.4,A5,RMAX,8.24435
W3X6,BF3Z,-65484,-127.4,A8,RMAX,5.96148
W3X6,BF3Z,-65484,-127.4,AC,RMAX,7.632453
W3X6,BF3Z,-65484,-127.4,A1,RMIN,4.052656
W3X6,BF3Z,-65484,-127.4,A5,RMIN,4.381492
W3X6,BF3Z,-65484,-127.4,A8,RMIN,3.244734
W3X6,BF3Z,-65484,-127.4,AC,RMIN,3.79471
W3X9,BF3Z,-65484,-127.4,A1,R0,4.166599
W3X9,BF3Z,-65484,-127.4,A5,R0,4.429098
W3X9,BF3Z,-65484,-127.4,A8,R0,3.672716
W3X9,BF3Z,-65484,-127.4,AC,R0,4.307384
W3X9,BF3Z,-65484,-127.4,A1,RMAX,7.734149
W3X9,BF3Z,-65484,-127.4,A5,RMAX,8.19175
W3X9,BF3Z,-65484,-127.4,A8,RMAX,5.815158
W3X9,BF3Z,-65484,-127.4,AC,RMAX,7.752279
W3X9,BF3Z,-65484,-127.4,A1,RMIN,4.111306
W3X9,BF3Z,-65484,-127.4,A5,RMIN,4.299791
W3X9,BF3Z,-65484,-127.4,A8,RMIN,3.097683
W3X9,BF3Z,-65484,-127.4,AC,RMIN,3.857179
W4PM,BF3Z,-65484,-127.4,A1,R0,3.894893
W4PM,BF3Z,-65484,-127.4,A5,R0,4.255573
W4PM,BF3Z,-65484,-127.4,A8,R0,3.337386
W4PM,BF3Z,-65484,-127.4,AC,R0,3.656145
W4PM,BF3Z,-65484,-127.4,A1,RMAX,6.994225
W4PM,BF3Z,-65484,-127.4,A5,RMAX,7.72589
W4PM,BF3Z,-65484,-127.4,A8,RMAX,5.150296
W4PM,BF3Z,-65484,-127.4,AC,RMAX,6.961999
W4PM,BF3Z,-65484,-127.4,A1,RMIN,3.854324
W4PM,BF3Z,-65484,-127.4,A5,RMIN,4.186607
W4PM,BF3Z,-65484,-127.4,A8,RMIN,2.905165
W4PM,BF3Z,-65484,-127.4,AC,RMIN,3.56292
W4WH,BF3Z,-65484,-127.4,A1,R0,3.944667
W4WH,BF3Z,-65484,-127.4,A5,R0,4.24805
W4WH,BF3Z,-65484,-127.4,A8,R0,3.398678
W4WH,BF3Z,-65484,-127.4,AC,R0,3.833163
W4WH,BF3Z,-65484,-127.4,A1,RMAX,7.107644
W4WH,BF3Z,-65484,-127.4,A5,RMAX,7.619683
W4WH,BF3Z,-65484,-127.4,A8,RMAX,5.26888
W4WH,BF3Z,-65484,-127.4,AC,RMAX,7.002529
W4WH,BF3Z,-65484,-127.4,A1,RMIN,3.908561
W4WH,BF3Z,-65484,-127.4,A5,RMIN,4.168545
W4WH,BF3Z,-65484,-127.4,A8,RMIN,2.922058
W4WH,BF3Z,-65484,-127.4,AC,RMIN,3.601567
W26M,CF3Z,-42372,-127.4,A1,R0,4.408784
W26M,CF3Z,-42372,-127.4,A5,R0,4.560952
W26M,CF3Z,-42372,-127.4,A8,R0,4.232677
W26M,CF3Z,-42372,-127.4,AC,R0,3.998305
W26M,CF3Z,-42372,-127.4,A1,RMAX,8.11499
W26M,CF3Z,-42372,-127.4,A5,RMAX,8.409108
W26M,CF3Z,-42372,-127.4,A8,RMAX,6.450756
W26M,CF3Z,-42372,-127.4,AC,RMAX,7.640501
W26M,CF3Z,-42372,-127.4,A1,RMIN,4.357185
W26M,CF3Z,-42372,-127.4,A5,RMIN,4.431707
W26M,CF3Z,-42372,-127.4,A8,RMIN,3.510566
W26M,CF3Z,-42372,-127.4,AC,RMIN,3.820758
W3X6,CF3Z,-42372,-127.4,A1,R0,4.199738
W3X6,CF3Z,-42372,-127.4,A5,R0,4.451096
W3X6,CF3Z,-42372,-127.4,A8,R0,3.871557
W3X6,CF3Z,-42372,-127.4,AC,R0,3.735888
W3X6,CF3Z,-42372,-127.4,A1,RMAX,7.729624
W3X6,CF3Z,-42372,-127.4,A5,RMAX,8.134018
W3X6,CF3Z,-42372,-127.4,A8,RMAX,5.923532
W3X6,CF3Z,-42372,-127.4,AC,RMAX,7.208297
W3X6,CF3Z,-42372,-127.4,A1,RMIN,4.136355
W3X6,CF3Z,-42372,-127.4,A5,RMIN,4.328922
W3X6,CF3Z,-42372,-127.4,A8,RMIN,3.260098
W3X6,CF3Z,-42372,-127.4,AC,RMIN,3.605104
W3X9,CF3Z,-42372,-127.4,A1,R0,4.156798
W3X9,CF3Z,-42372,-127.4,A5,R0,4.387823
W3X9,CF3Z,-42372,-127.4,A8,R0,3.658893
W3X9,CF3Z,-42372,-127.4,AC,R0,3.980905
W3X9,CF3Z,-42372,-127.4,A1,RMAX,7.670137
W3X9,CF3Z,-42372,-127.4,A5,RMAX,8.111952
W3X9,CF3Z,-42372,-127.4,A8,RMAX,5.710439
W3X9,CF3Z,-42372,-127.4,AC,RMAX,7.540887
W3X9,CF3Z,-42372,-127.4,A1,RMIN,4.097983
W3X9,CF3Z,-42372,-127.4,A5,RMIN,4.258001
W3X9,CF3Z,-42372,-127.4,A8,RMIN,3.085577
W3X9,CF3Z,-42372,-127.4,AC,RMIN,3.770996
W4PM,CF3Z,-42372,-127.4,A1,R0,3.89877
W4PM,CF3Z,-42372,-127.4,A5,R0,4.165126
W4PM,CF3Z,-42372,-127.4,A8,R0,3.404532
W4PM,CF3Z,-42372,-127.4,AC,R0,3.54594
W4PM,CF3Z,-42372,-127.4,A1,RMAX,6.906888
W4PM,CF3Z,-42372,-127.4,A5,RMAX,7.519474
W4PM,CF3Z,-42372,-127.4,A8,RMAX,5.231549
W4PM,CF3Z,-42372,-127.4,AC,RMAX,6.70186
W4PM,CF3Z,-42372,-127.4,A1,RMIN,3.861671
W4PM,CF3Z,-42372,-127.4,A5,RMIN,4.077519
W4PM,CF3Z,-42372,-127.4,A8,RMIN,2.942671
W4PM,CF3Z,-42372,-127.4,AC,RMIN,3.407544
W4WH,CF3Z,-42372,-127.4,A1,R0,3.983835
W4WH,CF3Z,-42372,-127.4,A5,R0,4.213312
W4WH,CF3Z,-42372,-127.4,A8,R0,3.47089
W4WH,CF3Z,-42372,-127.4,AC,R0,3.523961
W4WH,CF3Z,-42372,-127.4,A1,RMAX,7.009181
W4WH,CF3Z,-42372,-127.4,A5,RMAX,7.511085
W4WH,CF3Z,-42372,-127.4,A8,RMAX,5.299398
W4WH,CF3Z,-42372,-127.4,AC,RMAX,6.65156
W4WH,CF3Z,-42372,-127.4,A1,RMIN,3.943038
W4WH,CF3Z,-42372,-127.4,A5,RMIN,4.11135
W4WH,CF3Z,-42372,-127.4,A8,RMIN,2.984695
W4WH,CF3Z,-42372,-127.4,AC,RMIN,3.421461
W26M,DF3Z,-19260,-127.4,A1,R0,4.330474
W26M,DF3Z,-19260,-127.4,A5,R0,4.456157
W26M,DF3Z,-19260,-127.4,A8,R0,3.924619
W26M,DF3Z,-19260,-127.4,AC,R0,4.196528
W26M,DF3Z,-19260,-127.4,A1,RMAX,8.085792
W26M,DF3Z,-19260,-127.4,A5,RMAX,8.290589
W26M,DF3Z,-19260,-127.4,A8,RMAX,6.031025
W26M,DF3Z,-19260,-127.4,AC,RMAX,7.688648
W26M,DF3Z,-19260,-127.4,A1,RMIN,4.281342
W26M,DF3Z,-19260,-127.4,A5,RMIN,4.370781
W26M,DF3Z,-19260,-127.4,A8,RMIN,3.293797
W26M,DF3Z,-19260,-127.4,AC,RMIN,3.833865
W3X6,DF3Z,-19260,-127.4,A1,R0,4.154487
W3X6,DF3Z,-19260,-127.4,A5,R0,4.347203
W3X6,DF3Z,-19260,-127.4,A8,R0,3.772534
W3X6,DF3Z,-19260,-127.4,AC,R0,3.860683
W3X6,DF3Z,-19260,-127.4,A1,RMAX,7.731597
W3X6,DF3Z,-19260,-127.4,A5,RMAX,7.986091
W3X6,DF3Z,-19260,-127.4,A8,RMAX,5.581587
W3X6,DF3Z,-19260,-127.4,AC,RMAX,7.168811
W3X6,DF3Z,-19260,-127.4,A1,RMIN,4.090325
W3X6,DF3Z,-19260,-127.4,A5,RMIN,4.24046
W3X6,DF3Z,-19260,-127.4,A8,RMIN,3.237093
W3X6,DF3Z,-19260,-127.4,AC,RMIN,3.607633
W3X9,DF3Z,-19260,-127.4,A1,R0,4.135607
W3X9,DF3Z,-19260,-127.4,A5,R0,4.399831
W3X9,DF3Z,-19260,-127.4,A8,R0,3.657173
W3X9,DF3Z,-19260,-127.4,AC,R0,3.811173
W3X9,DF3Z,-19260,-127.4,A1,RMAX,7.624732
W3X9,DF3Z,-19260,-127.4,A5,RMAX,8.07369
W3X9,DF3Z,-19260,-127.4,A8,RMAX,5.542905
W3X9,DF3Z,-19260,-127.4,AC,RMAX,7.280938
W3X9,DF3Z,-19260,-127.4,A1,RMIN,4.079392
W3X9,DF3Z,-19260,-127.4,A5,RMIN,4.2969
W3X9,DF3Z,-19260,-127.4,A8,RMIN,3.122718
W3X9,DF3Z,-19260,-127.4,AC,RMIN,3.653125
W4PM,DF3Z,-19260,-127.4,A1,R0,3.879117
W4PM,DF3Z,-19260,-127.4,A5,R0,4.088999
W4PM,DF3Z,-19260,-127.4,A8,R0,3.306987
W4PM,DF3Z,-19260,-127.4,AC,R0,3.454518
W4PM,DF3Z,-19260,-127.4,A1,RMAX,6.909572
W4PM,DF3Z,-19260,-127.4,A5,RMAX,7.269453
W4PM,DF3Z,-19260,-127.4,A8,RMAX,5.043153
W4PM,DF3Z,-19260,-127.4,AC,RMAX,6.568612
W4PM,DF3Z,-19260,-127.4,A1,RMIN,3.839302
W4PM,DF3Z,-19260,-127.4,A5,RMIN,3.976022
W4PM,DF3Z,-19260,-127.4,A8,RMIN,2.85788
W4PM,DF3Z,-19260,-127.4,AC,RMIN,3.353232
W4WH,DF3Z,-19260,-127.4,A1,R0,3.966827
W4WH,DF3Z,-19260,-127.4,A5,R0,4.179774
W4WH,DF3Z,-19260,-127.4,A8,R0,3.432761
W4WH,DF3Z,-19260,-127.4,AC,R0,3.383202
W4WH,DF3Z,-19260,-127.4,A1,RMAX,7.057079
W4WH,DF3Z,-19260,-127.4,A5,RMAX,7.36952
W4WH,DF3Z,-19260,-127.4,A8,RMAX,5.276596
W4WH,DF3Z,-19260,-127.4,AC,RMAX,6.352406
W4WH,DF3Z,-19260,-127.4,A1,RMIN,3.90907
W4WH,DF3Z,-19260,-127.4,A5,RMIN,4.066896
W4WH,DF3Z,-19260,-127.4,A8,RMIN,2.945003
W4WH,DF3Z,-19260,-127.4,AC,RMIN,3.292268
W26M,EF3Z,3852,-127.4,A1,R0,4.309328
W26M,EF3Z,3852,-127.4,A5,R0,4.566825
W26M,EF3Z,3852,-127.4,A8,R0,4.086581
W26M,EF3Z,3852,-127.4,AC,R0,4.013995
W26M,EF3Z,3852,-127.4,A1,RMAX,7.976769
W26M,EF3Z,3852,-127.4,A5,RMAX,8.394442
W26M,EF3Z,3852,-127.4,A8,RMAX,5.837869
W26M,EF3Z,3852,-127.4,AC,RMAX,7.646242
W26M,EF3Z,3852,-127.4,A1,RMIN,4.262008
W26M,EF3Z,3852,-127.4,A5,RMIN,4.450138
W26M,EF3Z,3852,-127.4,A8,RMIN,3.511215
W26M,EF3Z,3852,-127.4,AC,RMIN,3.828331
W3X6,EF3Z,3852,-127.4,A1,R0,4.22199
W3X6,EF3Z,3852,-127.4,A5,R0,4.462648
W3X6,EF3Z,3852,-127.4,A8,R0,3.911569
W3X6,EF3Z,3852,-127.4,AC,R0,4.015532
W3X6,EF3Z,3852,-127.4,A1,RMAX,7.735744
W3X6,EF3Z,3852,-127.4,A5,RMAX,8.147214
W3X6,EF3Z,3852,-127.4,A8,RMAX,5.532406
W3X6,EF3Z,3852,-127.4,AC,RMAX,7.423325
W3X6,EF3Z,3852,-127.4,A1,RMIN,4.181869
W3X6,EF3Z,3852,-127.4,A5,RMIN,4.349151
W3X6,EF3Z,3852,-127.4,A8,RMIN,3.37164
W3X6,EF3Z,3852,-127.4,AC,RMIN,3.722209
W3X9,EF3Z,3852,-127.4,A1,R0,4.203121
W3X9,EF3Z,3852,-127.4,A5,R0,4.406179
W3X9,EF3Z,3852,-127.4,A8,R0,3.87954
W3X9,EF3Z,3852,-127.4,AC,R0,3.781611
W3X9,EF3Z,3852,-127.4,A1,RMAX,7.776872
W3X9,EF3Z,3852,-127.4,A5,RMAX,8.084102
W3X9,EF3Z,3852,-127.4,A8,RMAX,5.626479
W3X9,EF3Z,3852,-127.4,AC,RMAX,7.235513
W3X9,EF3Z,3852,-127.4,A1,RMIN,4.173518
W3X9,EF3Z,3852,-127.4,A5,RMIN,4.296003
W3X9,EF3Z,3852,-127.4,A8,RMIN,3.31666
W3X9,EF3Z,3852,-127.4,AC,RMIN,3.652503
W4PM,EF3Z,3852,-127.4,A1,R0,4.027755
W4PM,EF3Z,3852,-127.4,A5,R0,4.108977
W4PM,EF3Z,3852,-127.4,A8,R0,3.510189
W4PM,EF3Z,3852,-127.4,AC,R0,3.543702
W4PM,EF3Z,3852,-127.4,A1,RMAX,7.021503
W4PM,EF3Z,3852,-127.4,A5,RMAX,7.298011
W4PM,EF3Z,3852,-127.4,A8,RMAX,5.105936
W4PM,EF3Z,3852,-127.4,AC,RMAX,6.727417
W4PM,EF3Z,3852,-127.4,A1,RMIN,3.884095
W4PM,EF3Z,3852,-127.4,A5,RMIN,4.00423
W4PM,EF3Z,3852,-127.4,A8,RMIN,3.046787
W4PM,EF3Z,3852,-127.4,AC,RMIN,3.426101
W4WH,EF3Z,3852,-127.4,A1,R0,3.9811
W4WH,EF3Z,3852,-127.4,A5,R0,4.120267
W4WH,EF3Z,3852,-127.4,A8,R0,3.465147
W4WH,EF3Z,3852,-127.4,AC,R0,3.555712
W4WH,EF3Z,3852,-127.4,A1,RMAX,7.024305
W4WH,EF3Z,3852,-127.4,A5,RMAX,7.388102
W4WH,EF3Z,3852,-127.4,A8,RMAX,5.035894
W4WH,EF3Z,3852,-127.4,AC,RMAX,6.718525
W4WH,EF3Z,3852,-127.4,A1,RMIN,3.957289
W4WH,EF3Z,3852,-127.4,A5,RMIN,4.043693
W4WH,EF3Z,3852,-127.4,A8,RMIN,3.00627
W4WH,EF3Z,3852,-127.4,AC,RMIN,3.44528
W26M,FF3Z,26964,-127.4,A1,R0,4.235566
W26M,FF3Z,26964,-127.4,A5,R0,4.509168
W26M,FF3Z,26964,-127.4,A8,R0,3.940348
W26M,FF3Z,26964,-127.4,AC,R0,3.852447
W26M,FF3Z,26964,-127.4,A1,RMAX,7.715758
W26M,FF3Z,26964,-127.4,A5,RMAX,8.284111
W26M,FF3Z,26964,-127.4,A8,RMAX,5.946653
W26M,FF3Z,26964,-127.4,AC,RMAX,7.218312
W26M,FF3Z,26964,-127.4,A1,RMIN,4.193456
W26M,FF3Z,26964,-127.4,A5,RMIN,4.426294
W26M,FF3Z,26964,-127.4,A8,RMIN,3.293463
W26M,FF3Z,26964,-127.4,AC,RMIN,3.621911
W3X6,FF3Z,26964,-127.4,A1,R0,4.076568
W3X6,FF3Z,26964,-127.4,A5,R0,4.317976
W3X6,FF3Z,26964,-127.4,A8,R0,3.712087
W3X6,FF3Z,26964,-127.4,AC,R0,4.121723
W3X6,FF3Z,26964,-127.4,A1,RMAX,7.461673
W3X6,FF3Z,26964,-127.4,A5,RMAX,7.810511
W3X6,FF3Z,26964,-127.4,A8,RMAX,5.527025
W3X6,FF3Z,26964,-127.4,AC,RMAX,7.204657
W3X6,FF3Z,26964,-127.4,A1,RMIN,4.022612
W3X6,FF3Z,26964,-127.4,A5,RMIN,4.202861
W3X6,FF3Z,26964,-127.4,A8,RMIN,3.164442
W3X6,FF3Z,26964,-127.4,AC,RMIN,3.607629
W3X9,FF3Z,26964,-127.4,A1,R0,4.229749
W3X9,FF3Z,26964,-127.4,A5,R0,4.308608
W3X9,FF3Z,26964,-127.4,A8,R0,3.69272
W3X9,FF3Z,26964,-127.4,AC,R0,3.758722
W3X9,FF3Z,26964,-127.4,A1,RMAX,7.755858
W3X9,FF3Z,26964,-127.4,A5,RMAX,7.721936
W3X9,FF3Z,26964,-127.4,A8,RMAX,5.640958
W3X9,FF3Z,26964,-127.4,AC,RMAX,7.332664
W3X9,FF3Z,26964,-127.4,A1,RMIN,4.172739
W3X9,FF3Z,26964,-127.4,A5,RMIN,4.208086
W3X9,FF3Z,26964,-127.4,A8,RMIN,3.117531
W3X9,FF3Z,26964,-127.4,AC,RMIN,3.637487
W4PM,FF3Z,26964,-127.4,A1,R0,3.822696
W4PM,FF3Z,26964,-127.4,A5,R0,4.107849
W4PM,FF3Z,26964,-127.4,A8,R0,3.23132
W4PM,FF3Z,26964,-127.4,AC,R0,3.445583
W4PM,FF3Z,26964,-127.4,A1,RMAX,6.8292
W4PM,FF3Z,26964,-127.4,A5,RMAX,7.318692
W4PM,FF3Z,26964,-127.4,A8,RMAX,4.8485
W4PM,FF3Z,26964,-127.4,AC,RMAX,6.445764
W4PM,FF3Z,26964,-127.4,A1,RMIN,3.778783
W4PM,FF3Z,26964,-127.4,A5,RMIN,4.005839
W4PM,FF3Z,26964,-127.4,A8,RMIN,2.805363
W4PM,FF3Z,26964,-127.4,AC,RMIN,3.309865
W4WH,FF3Z,26964,-127.4,A1,R0,3.856277
W4WH,FF3Z,26964,-127.4,A5,R0,4.06186
W4WH,FF3Z,26964,-127.4,A8,R0,3.255182
W4WH,FF3Z,26964,-127.4,AC,R0,3.488491
W4WH,FF3Z,26964,-127.4,A1,RMAX,6.922458
W4WH,FF3Z,26964,-127.4,A5,RMAX,7.275247
W4WH,FF3Z,26964,-127.4,A8,RMAX,4.99139
W4WH,FF3Z,26964,-127.4,AC,RMAX,6.592891
W4WH,FF3Z,26964,-127.4,A1,RMIN,3.819348
W4WH,FF3Z,26964,-127.4,A5,RMIN,3.96372
W4WH,FF3Z,26964,-127.4,A8,RMIN,2.824915
W4WH,FF3Z,26964,-127.4,AC,RMIN,3.389173
W26M,GF3Z,50076,-127.4,A1,R0,4.185223
W26M,GF3Z,50076,-127.4,A5,R0,4.450619
W26M,GF3Z,50076,-127.4,A8,R0,3.768029
W26M,GF3Z,50076,-127.4,AC,R0,4.092607
W26M,GF3Z,50076,-127.4,A1,RMAX,7.683993
W26M,GF3Z,50076,-127.4,A5,RMAX,8.072089
W26M,GF3Z,50076,-127.4,A8,RMAX,5.735851
W26M,GF3Z,50076,-127.4,AC,RMAX,7.4092
W26M,GF3Z,50076,-127.4,A1,RMIN,4.120867
W26M,GF3Z,50076,-127.4,A5,RMIN,4.356636
W26M,GF3Z,50076,-127.4,A8,RMIN,3.166826
W26M,GF3Z,50076,-127.4,AC,RMIN,3.720452
W3X6,GF3Z,50076,-127.4,A1,R0,4.03894
W3X6,GF3Z,50076,-127.4,A5,R0,4.38603
W3X6,GF3Z,50076,-127.4,A8,R0,3.691359
W3X6,GF3Z,50076,-127.4,AC,R0,4.03516
W3X6,GF3Z,50076,-127.4,A1,RMAX,7.457864
W3X6,GF3Z,50076,-127.4,A5,RMAX,7.899637
W3X6,GF3Z,50076,-127.4,A8,RMAX,5.541807
W3X6,GF3Z,50076,-127.4,AC,RMAX,6.969131
W3X6,GF3Z,50076,-127.4,A1,RMIN,3.992842
W3X6,GF3Z,50076,-127.4,A5,RMIN,4.256402
W3X6,GF3Z,50076,-127.4,A8,RMIN,3.140218
W3X6,GF3Z,50076,-127.4,AC,RMIN,3.544746
W3X9,GF3Z,50076,-127.4,A1,R0,4.17742
W3X9,GF3Z,50076,-127.4,A5,R0,4.475174
W3X9,GF3Z,50076,-127.4,A8,R0,3.785406
W3X9,GF3Z,50076,-127.4,AC,R0,3.90047
W3X9,GF3Z,50076,-127.4,A1,RMAX,7.706399
W3X9,GF3Z,50076,-127.4,A5,RMAX,8.170434
W3X9,GF3Z,50076,-127.4,A8,RMAX,5.730201
W3X9,GF3Z,50076,-127.4,AC,RMAX,7.481788
W3X9,GF3Z,50076,-127.4,A1,RMIN,4.131008
W3X9,GF3Z,50076,-127.4,A5,RMIN,4.345952
W3X9,GF3Z,50076,-127.4,A8,RMIN,3.218304
W3X9,GF3Z,50076,-127.4,AC,RMIN,3.748721
W4PM,GF3Z,50076,-127.4,A1,R0,3.784056
W4PM,GF3Z,50076,-127.4,A5,R0,4.107605
W4PM,GF3Z,50076,-127.4,A8,R0,3.241143
W4PM,GF3Z,50076,-127.4,AC,R0,3.52168
W4PM,GF3Z,50076,-127.4,A1,RMAX,6.812455
W4PM,GF3Z,50076,-127.4,A5,RMAX,7.307108
W4PM,GF3Z,50076,-127.4,A8,RMAX,4.955407
W4PM,GF3Z,50076,-127.4,AC,RMAX,6.624589
W4PM,GF3Z,50076,-127.4,A1,RMIN,3.748726
W4PM,GF3Z,50076,-127.4,A5,RMIN,3.99041
W4PM,GF3Z,50076,-127.4,A8,RMIN,2.765708
W4PM,GF3Z,50076,-127.4,AC,RMIN,3.40978
W4WH,GF3Z,50076,-127.4,A1,R0,3.811544
W4WH,GF3Z,50076,-127.4,A5,R0,4.057347
W4WH,GF3Z,50076,-127.4,A8,R0,3.22562
W4WH,GF3Z,50076,-127.4,AC,R0,3.496529
W4WH,GF3Z,50076,-127.4,A1,RMAX,6.726272
W4WH,GF3Z,50076,-127.4,A5,RMAX,7.231653
W4WH,GF3Z,50076,-127.4,A8,RMAX,5.053766
W4WH,GF3Z,50076,-127.4,AC,RMAX,6.421757
W4WH,GF3Z,50076,-127.4,A1,RMIN,3.774129
W4WH,GF3Z,50076,-127.4,A5,RMIN,3.993274
W4WH,GF3Z,50076,-127.4,A8,RMIN,2.791396
W4WH,GF3Z,50076,-127.4,AC,RMIN,3.322089
W26M,HF3Z,73188,-127.4,A1,R0,4.350597
W26M,HF3Z,73188,-127.4,A5,R0,4.506467
W26M,HF3Z,73188,-127.4,A8,R0,3.865361
W26M,HF3Z,73188,-127.4,AC,R0,4.186043
W26M,HF3Z,73188,-127.4,A1,RMAX,8.017377
W26M,HF3Z,73188,-127.4,A5,RMAX,8.226521
W26M,HF3Z,73188,-127.4,A8,RMAX,5.676879
W26M,HF3Z,73188,-127.4,AC,RMAX,7.706135
W26M,HF3Z,73188,-127.4,A1,RMIN,4.290149
W26M,HF3Z,73188,-127.4,A5,RMIN,4.396845
W26M,HF3Z,73188,-127.4,A8,RMIN,3.324311
W26M,HF3Z,73188,-127.4,AC,RMIN,3.844822
W3X6,HF3Z,73188,-127.4,A1,R0,4.097913
W3X6,HF3Z,73188,-127.4,A5,R0,4.419048
W3X6,HF3Z,73188,-127.4,A8,R0,3.707519
W3X6,HF3Z,73188,-127.4,AC,R0,3.945121
W3X6,HF3Z,73188,-127.4,A1,RMAX,7.526893
W3X6,HF3Z,73188,-127.4,A5,RMAX,7.984314
W3X6,HF3Z,73188,-127.4,A8,RMAX,5.503506
W3X6,HF3Z,73188,-127.4,AC,RMAX,7.367643
W3X6,HF3Z,73188,-127.4,A1,RMIN,4.047172
W3X6,HF3Z,73188,-127.4,A5,RMIN,4.28972
W3X6,HF3Z,73188,-127.4,A8,RMIN,3.172065
W3X6,HF3Z,73188,-127.4,AC,RMIN,3.739447
W3X9,HF3Z,73188,-127.4,A1,R0,4.24251
W3X9,HF3Z,73188,-127.4,A5,R0,4.560275
W3X9,HF3Z,73188,-127.4,A8,R0,3.777054
W3X9,HF3Z,73188,-127.4,AC,R0,4.086234
W3X9,HF3Z,73188,-127.4,A1,RMAX,7.746863
W3X9,HF3Z,73188,-127.4,A5,RMAX,8.298953
W3X9,HF3Z,73188,-127.4,A8,RMAX,5.725849
W3X9,HF3Z,73188,-127.4,AC,RMAX,7.731936
W3X9,HF3Z,73188,-127.4,A1,RMIN,4.192779
W3X9,HF3Z,73188,-127.4,A5,RMIN,4.440872
W3X9,HF3Z,73188,-127.4,A8,RMIN,3.240377
W3X9,HF3Z,73188,-127.4,AC,RMIN,3.885751
W4PM,HF3Z,73188,-127.4,A1,R0,3.829993
W4PM,HF3Z,73188,-127.4,A5,R0,4.150805
W4PM,HF3Z,73188,-127.4,A8,R0,3.264299
W4PM,HF3Z,73188,-127.4,AC,R0,3.70503
W4PM,HF3Z,73188,-127.4,A1,RMAX,6.862444
W4PM,HF3Z,73188,-127.4,A5,RMAX,7.399023
W4PM,HF3Z,73188,-127.4,A8,RMAX,5.091682
W4PM,HF3Z,73188,-127.4,AC,RMAX,6.860574
W4PM,HF3Z,73188,-127.4,A1,RMIN,3.792747
W4PM,HF3Z,73188,-127.4,A5,RMIN,4.048003
W4PM,HF3Z,73188,-127.4,A8,RMIN,2.80622
W4PM,HF3Z,73188,-127.4,AC,RMIN,3.525393
W4WH,HF3Z,73188,-127.4,A1,R0,3.853758
W4WH,HF3Z,73188,-127.4,A5,R0,4.169482
W4WH,HF3Z,73188,-127.4,A8,R0,3.319703
W4WH,HF3Z,73188,-127.4,AC,R0,3.760928
W4WH,HF3Z,73188,-127.4,A1,RMAX,6.790086
W4WH,HF3Z,73188,-127.4,A5,RMAX,7.433523
W4WH,HF3Z,73188,-127.4,A8,RMAX,5.111328
W4WH,HF3Z,73188,-127.4,AC,RMAX,6.796778
W4WH,HF3Z,73188,-127.4,A1,RMIN,3.815565
W4WH,HF3Z,73188,-127.4,A5,RMIN,4.097385
W4WH,HF3Z,73188,-127.4,A8,RMIN,2.857474
W4WH,HF3Z,73188,-127.4,AC,RMIN,3.504094
W26M,AS5Z,-88596,25862.2,A1,R0,3.920924
W26M,AS5Z,-88596,25862.2,A5,R0,4.180188
W26M,AS5Z,-88596,25862.2,A8,R0,3.374853
W26M,AS5Z,-88596,25862.2,AC,R0,4.358992
W26M,AS5Z,-88596,25862.2,A1,RMAX,7.061611
W26M,AS5Z,-88596,25862.2,A5,RMAX,7.634355
W26M,AS5Z,-88596,25862.2,A8,RMAX,5.383487
W26M,AS5Z,-88596,25862.2,AC,RMAX,6.960918
W26M,AS5Z,-88596,25862.2,A1,RMIN,3.875622
W26M,AS5Z,-88596,25862.2,A5,RMIN,4.111038
W26M,AS5Z,-88596,25862.2,A8,RMIN,2.862632
W26M,AS5Z,-88596,25862.2,AC,RMIN,3.503974
W3X6,AS5Z,-88596,25862.2,A1,R0,3.557155
W3X6,AS5Z,-88596,25862.2,A5,R0,4.065
W3X6,AS5Z,-88596,25862.2,A8,R0,3.159993
W3X6,AS5Z,-88596,25862.2,AC,R0,3.912491
W3X6,AS5Z,-88596,25862.2,A1,RMAX,6.499946
W3X6,AS5Z,-88596,25862.2,A5,RMAX,7.405637
W3X6,AS5Z,-88596,25862.2,A8,RMAX,5.006007
W3X6,AS5Z,-88596,25862.2,AC,RMAX,6.582628
W3X6,AS5Z,-88596,25862.2,A1,RMIN,3.521485
W3X6,AS5Z,-88596,25862.2,A5,RMIN,3.956225
W3X6,AS5Z,-88596,25862.2,A8,RMIN,2.746307
W3X6,AS5Z,-88596,25862.2,AC,RMIN,3.345843
W3X9,AS5Z,-88596,25862.2,A1,R0,3.743438
W3X9,AS5Z,-88596,25862.2,A5,R0,4.120061
W3X9,AS5Z,-88596,25862.2,A8,R0,3.095486
W3X9,AS5Z,-88596,25862.2,AC,R0,3.623963
W3X9,AS5Z,-88596,25862.2,A1,RMAX,6.727641
W3X9,AS5Z,-88596,25862.2,A5,RMAX,7.420313
W3X9,AS5Z,-88596,25862.2,A8,RMAX,4.958981
W3X9,AS5Z,-88596,25862.2,AC,RMAX,7.005598
W3X9,AS5Z,-88596,25862.2,A1,RMIN,3.703505
W3X9,AS5Z,-88596,25862.2,A5,RMIN,4.009257
W3X9,AS5Z,-88596,25862.2,A8,RMIN,2.671163
W3X9,AS5Z,-88596,25862.2,AC,RMIN,3.505501
W4PM,AS5Z,-88596,25862.2,A1,R0,3.55733
W4PM,AS5Z,-88596,25862.2,A5,R0,3.843942
W4PM,AS5Z,-88596,25862.2,A8,R0,2.873433
W4PM,AS5Z,-88596,25862.2,AC,R0,3.310944
W4PM,AS5Z,-88596,25862.2,A1,RMAX,6.318833
W4PM,AS5Z,-88596,25862.2,A5,RMAX,6.791268
W4PM,AS5Z,-88596,25862.2,A8,RMAX,4.658355
W4PM,AS5Z,-88596,25862.2,AC,RMAX,6.152833
W4PM,AS5Z,-88596,25862.2,A1,RMIN,3.524106
W4PM,AS5Z,-88596,25862.2,A5,RMIN,3.770643
W4PM,AS5Z,-88596,25862.2,A8,RMIN,2.532949
W4PM,AS5Z,-88596,25862.2,AC,RMIN,3.221496
W4WH,AS5Z,-88596,25862.2,A1,R0,3.537772
W4WH,AS5Z,-88596,25862.2,A5,R0,3.945977
W4WH,AS5Z,-88596,25862.2,A8,R0,2.91944
W4WH,AS5Z,-88596,25862.2,AC,R0,3.674232
W4WH,AS5Z,-88596,25862.2,A1,RMAX,6.243451
W4WH,AS5Z,-88596,25862.2,A5,RMAX,6.934519
W4WH,AS5Z,-88596,25862.2,A8,RMAX,4.649362
W4WH,AS5Z,-88596,25862.2,AC,RMAX,6.259134
W4WH,AS5Z,-88596,25862.2,A1,RMIN,3.498342
W4WH,AS5Z,-88596,25862.2,A5,RMIN,3.857239
W4WH,AS5Z,-88596,25862.2,A8,RMIN,2.549429
W4WH,AS5Z,-88596,25862.2,AC,RMIN,3.263942
W26M,BS5Z,-65484,25862.2,A1,R0,4.293332
W26M,BS5Z,-65484,25862.2,A5,R0,4.575229
W26M,BS5Z,-65484,25862.2,A8,R0,3.98427
W26M,BS5Z,-65484,25862.2,AC,R0,4.373156
W26M,BS5Z,-65484,25862.2,A1,RMAX,7.979632
W26M,BS5Z,-65484,25862.2,A5,RMAX,8.503859
W26M,BS5Z,-65484,25862.2,A8,RMAX,6.157847
W26M,BS5Z,-65484,25862.2,AC,RMAX,7.72264
W26M,BS5Z,-65484,25862.2,A1,RMIN,4.242817
W26M,BS5Z,-65484,25862.2,A5,RMIN,4.485337
W26M,BS5Z,-65484,25862.2,A8,RMIN,3.336135
W26M,BS5Z,-65484,25862.2,AC,RMIN,3.84113
W3X6,BS5Z,-65484,25862.2,A1,R0,4.071608
W3X6,BS5Z,-65484,25862.2,A5,R0,4.457694
W3X6,BS5Z,-65484,25862.2,A8,R0,3.733255
W3X6,BS5Z,-65484,25862.2,AC,R0,3.868315
W3X6,BS5Z,-65484,25862.2,A1,RMAX,7.589617
W3X6,BS5Z,-65484,25862.2,A5,RMAX,8.135309
W3X6,BS5Z,-65484,25862.2,A8,RMAX,5.736331
W3X6,BS5Z,-65484,25862.2,AC,RMAX,7.294769
W3X6,BS5Z,-65484,25862.2,A1,RMIN,4.024788
W3X6,BS5Z,-65484,25862.2,A5,RMIN,4.337909
W3X6,BS5Z,-65484,25862.2,A8,RMIN,3.169075
W3X6,BS5Z,-65484,25862.2,AC,RMIN,3.647472
W3X9,BS5Z,-65484,25862.2,A1,R0,4.154874
W3X9,BS5Z,-65484,25862.2,A5,R0,4.511962
W3X9,BS5Z,-65484,25862.2,A8,R0,3.614828
W3X9,BS5Z,-65484,25862.2,AC,R0,4.098338
W3X9,BS5Z,-65484,25862.2,A1,RMAX,7.649182
W3X9,BS5Z,-65484,25862.2,A5,RMAX,8.330659
W3X9,BS5Z,-65484,25862.2,A8,RMAX,5.537327
W3X9,BS5Z,-65484,25862.2,AC,RMAX,7.763899
W3X9,BS5Z,-65484,25862.2,A1,RMIN,4.117246
W3X9,BS5Z,-65484,25862.2,A5,RMIN,4.385154
W3X9,BS5Z,-65484,25862.2,A8,RMIN,3.102335
W3X9,BS5Z,-65484,25862.2,AC,RMIN,3.902646
W4PM,BS5Z,-65484,25862.2,A1,R0,3.969788
W4PM,BS5Z,-65484,25862.2,A5,R0,4.273731
W4PM,BS5Z,-65484,25862.2,A8,R0,3.297823
W4PM,BS5Z,-65484,25862.2,AC,R0,3.685222
W4PM,BS5Z,-65484,25862.2,A1,RMAX,7.175146
W4PM,BS5Z,-65484,25862.2,A5,RMAX,7.69174
W4PM,BS5Z,-65484,25862.2,A8,RMAX,5.133946
W4PM,BS5Z,-65484,25862.2,AC,RMAX,6.932011
W4PM,BS5Z,-65484,25862.2,A1,RMIN,3.939428
W4PM,BS5Z,-65484,25862.2,A5,RMIN,4.16824
W4PM,BS5Z,-65484,25862.2,A8,RMIN,2.862043
W4PM,BS5Z,-65484,25862.2,AC,RMIN,3.562582
W4WH,BS5Z,-65484,25862.2,A1,R0,3.991474
W4WH,BS5Z,-65484,25862.2,A5,R0,4.319291
W4WH,BS5Z,-65484,25862.2,A8,R0,3.399556
W4WH,BS5Z,-65484,25862.2,AC,R0,4.005348
W4WH,BS5Z,-65484,25862.2,A1,RMAX,7.18145
W4WH,BS5Z,-65484,25862.2,A5,RMAX,7.665964
W4WH,BS5Z,-65484,25862.2,A8,RMAX,5.392381
W4WH,BS5Z,-65484,25862.2,AC,RMAX,6.941764
W4WH,BS5Z,-65484,25862.2,A1,RMIN,3.9469
W4WH,BS5Z,-65484,25862.2,A5,RMIN,4.213924
W4WH,BS5Z,-65484,25862.2,A8,RMIN,2.927905
W4WH,BS5Z,-65484,25862.2,AC,RMIN,3.568615
W26M,CS5Z,-42372,25862.2,A1,R0,4.4696
W26M,CS5Z,-42372,25862.2,A5,R0,4.494753
W26M,CS5Z,-42372,25862.2,A8,R0,3.997674
W26M,CS5Z,-42372,25862.2,AC,R0,4.197266
W26M,CS5Z,-42372,25862.2,A1,RMAX,8.119215
W26M,CS5Z,-42372,25862.2,A5,RMAX,8.33308
W26M,CS5Z,-42372,25862.2,A8,RMAX,6.185296
W26M,CS5Z,-42372,25862.2,AC,RMAX,7.636214
W26M,CS5Z,-42372,25862.2,A1,RMIN,4.309395
W26M,CS5Z,-42372,25862.2,A5,RMIN,4.376376
W26M,CS5Z,-42372,25862.2,A8,RMIN,3.363931
W26M,CS5Z,-42372,25862.2,AC,RMIN,3.817329
W3X6,CS5Z,-42372,25862.2,A1,R0,4.099365
W3X6,CS5Z,-42372,25862.2,A5,R0,4.4296
W3X6,CS5Z,-42372,25862.2,A8,R0,3.840324
W3X6,CS5Z,-42372,25862.2,AC,R0,4.105242
W3X6,CS5Z,-42372,25862.2,A1,RMAX,7.630808
W3X6,CS5Z,-42372,25862.2,A5,RMAX,8.099386
W3X6,CS5Z,-42372,25862.2,A8,RMAX,5.773429
W3X6,CS5Z,-42372,25862.2,AC,RMAX,7.206304
W3X6,CS5Z,-42372,25862.2,A1,RMIN,4.03702
W3X6,CS5Z,-42372,25862.2,A5,RMIN,4.31226
W3X6,CS5Z,-42372,25862.2,A8,RMIN,3.240632
W3X6,CS5Z,-42372,25862.2,AC,RMIN,3.628138
W3X9,CS5Z,-42372,25862.2,A1,R0,4.113106
W3X9,CS5Z,-42372,25862.2,A5,R0,4.335011
W3X9,CS5Z,-42372,25862.2,A8,R0,3.62844
W3X9,CS5Z,-42372,25862.2,AC,R0,3.959
W3X9,CS5Z,-42372,25862.2,A1,RMAX,7.636896
W3X9,CS5Z,-42372,25862.2,A5,RMAX,7.918528
W3X9,CS5Z,-42372,25862.2,A8,RMAX,5.606047
W3X9,CS5Z,-42372,25862.2,AC,RMAX,7.53149
W3X9,CS5Z,-42372,25862.2,A1,RMIN,4.065601
W3X9,CS5Z,-42372,25862.2,A5,RMIN,4.233099
W3X9,CS5Z,-42372,25862.2,A8,RMIN,3.041732
W3X9,CS5Z,-42372,25862.2,AC,RMIN,3.747231
W4PM,CS5Z,-42372,25862.2,A1,R0,3.890219
W4PM,CS5Z,-42372,25862.2,A5,R0,4.118151
W4PM,CS5Z,-42372,25862.2,A8,R0,3.342543
W4PM,CS5Z,-42372,25862.2,AC,R0,3.472861
W4PM,CS5Z,-42372,25862.2,A1,RMAX,7.004679
W4PM,CS5Z,-42372,25862.2,A5,RMAX,7.423508
W4PM,CS5Z,-42372,25862.2,A8,RMAX,5.26007
W4PM,CS5Z,-42372,25862.2,AC,RMAX,6.625318
W4PM,CS5Z,-42372,25862.2,A1,RMIN,3.849277
W4PM,CS5Z,-42372,25862.2,A5,RMIN,4.030601
W4PM,CS5Z,-42372,25862.2,A8,RMIN,2.885395
W4PM,CS5Z,-42372,25862.2,AC,RMIN,3.381791
W4WH,CS5Z,-42372,25862.2,A1,R0,3.97808
W4WH,CS5Z,-42372,25862.2,A5,R0,4.211465
W4WH,CS5Z,-42372,25862.2,A8,R0,3.327417
W4WH,CS5Z,-42372,25862.2,AC,R0,3.948445
W4WH,CS5Z,-42372,25862.2,A1,RMAX,7.1967
W4WH,CS5Z,-42372,25862.2,A5,RMAX,7.496608
W4WH,CS5Z,-42372,25862.2,A8,RMAX,5.155113
W4WH,CS5Z,-42372,25862.2,AC,RMAX,6.730306
W4WH,CS5Z,-42372,25862.2,A1,RMIN,3.932899
W4WH,CS5Z,-42372,25862.2,A5,RMIN,4.095126
W4WH,CS5Z,-42372,25862.2,A8,RMIN,2.873637
W4WH,CS5Z,-42372,25862.2,AC,RMIN,3.450102
W26M,DS5Z,-19260,25862.2,A1,R0,4.246221
W26M,DS5Z,-19260,25862.2,A5,R0,4.503382
W26M,DS5Z,-19260,25862.2,A8,R0,3.844674
W26M,DS5Z,-19260,25862.2,AC,R0,4.327491
W26M,DS5Z,-19260,25862.2,A1,RMAX,7.857044
W26M,DS5Z,-19260,25862.2,A5,RMAX,8.299742
W26M,DS5Z,-19260,25862.2,A8,RMAX,5.853428
W26M,DS5Z,-19260,25862.2,AC,RMAX,7.489163
W26M,DS5Z,-19260,25862.2,A1,RMIN,4.198495
W26M,DS5Z,-19260,25862.2,A5,RMIN,4.385198
W26M,DS5Z,-19260,25862.2,A8,RMIN,3.247105
W26M,DS5Z,-19260,25862.2,AC,RMIN,3.725053
W3X6,DS5Z,-19260,25862.2,A1,R0,4.028853
W3X6,DS5Z,-19260,25862.2,A5,R0,4.387725
W3X6,DS5Z,-19260,25862.2,A8,R0,3.757057
W3X6,DS5Z,-19260,25862.2,AC,R0,3.89986
W3X6,DS5Z,-19260,25862.2,A1,RMAX,7.478429
W3X6,DS5Z,-19260,25862.2,A5,RMAX,8.032087
W3X6,DS5Z,-19260,25862.2,A8,RMAX,5.640393
W3X6,DS5Z,-19260,25862.2,AC,RMAX,7.166651
W3X6,DS5Z,-19260,25862.2,A1,RMIN,3.977875
W3X6,DS5Z,-19260,25862.2,A5,RMIN,4.259435
W3X6,DS5Z,-19260,25862.2,A8,RMIN,3.157628
W3X6,DS5Z,-19260,25862.2,AC,RMIN,3.605485
W3X9,DS5Z,-19260,25862.2,A1,R0,4.176172
W3X9,DS5Z,-19260,25862.2,A5,R0,4.365236
W3X9,DS5Z,-19260,25862.2,A8,R0,3.628714
W3X9,DS5Z,-19260,25862.2,AC,R0,3.979009
W3X9,DS5Z,-19260,25862.2,A1,RMAX,7.691498
W3X9,DS5Z,-19260,25862.2,A5,RMAX,7.935942
W3X9,DS5Z,-19260,25862.2,A8,RMAX,5.550397
W3X9,DS5Z,-19260,25862.2,AC,RMAX,7.397994
W3X9,DS5Z,-19260,25862.2,A1,RMIN,4.110726
W3X9,DS5Z,-19260,25862.2,A5,RMIN,4.259741
W3X9,DS5Z,-19260,25862.2,A8,RMIN,3.071302
W3X9,DS5Z,-19260,25862.2,AC,RMIN,3.695101
W4PM,DS5Z,-19260,25862.2,A1,R0,3.86686
W4PM,DS5Z,-19260,25862.2,A5,R0,4.071001
W4PM,DS5Z,-19260,25862.2,A8,R0,3.309602
W4PM,DS5Z,-19260,25862.2,AC,R0,3.605579
W4PM,DS5Z,-19260,25862.2,A1,RMAX,6.812818
W4PM,DS5Z,-19260,25862.2,A5,RMAX,7.288368
W4PM,DS5Z,-19260,25862.2,A8,RMAX,5.071882
W4PM,DS5Z,-19260,25862.2,AC,RMAX,6.665054
W4PM,DS5Z,-19260,25862.2,A1,RMIN,3.822333
W4PM,DS5Z,-19260,25862.2,A5,RMIN,3.993553
W4PM,DS5Z,-19260,25862.2,A8,RMIN,2.873382
W4PM,DS5Z,-19260,25862.2,AC,RMIN,3.398934
W4WH,DS5Z,-19260,25862.2,A1,R0,3.867096
W4WH,DS5Z,-19260,25862.2,A5,R0,4.142346
W4WH,DS5Z,-19260,25862.2,A8,R0,3.246509
W4WH,DS5Z,-19260,25862.2,AC,R0,3.505071
W4WH,DS5Z,-19260,25862.2,A1,RMAX,6.901873
W4WH,DS5Z,-19260,25862.2,A5,RMAX,7.38795
W4WH,DS5Z,-19260,25862.2,A8,RMAX,5.012285
W4WH,DS5Z,-19260,25862.2,AC,RMAX,6.646689
W4WH,DS5Z,-19260,25862.2,A1,RMIN,3.830632
W4WH,DS5Z,-19260,25862.2,A5,RMIN,4.045719
W4WH,DS5Z,-19260,25862.2,A8,RMIN,2.825079
W4WH,DS5Z,-19260,25862.2,AC,RMIN,3.410904
W26M,ES5Z,3852,25862.2,A1,R0,4.257906
W26M,ES5Z,3852,25862.2,A5,R0,4.465983
W26M,ES5Z,3852,25862.2,A8,R0,3.894079
W26M,ES5Z,3852,25862.2,AC,R0,4.071914
W26M,ES5Z,3852,25862.2,A1,RMAX,7.882269
W26M,ES5Z,3852,25862.2,A5,RMAX,8.186053
W26M,ES5Z,3852,25862.2,A8,RMAX,5.961923
W26M,ES5Z,3852,25862.2,AC,RMAX,7.420702
W26M,ES5Z,3852,25862.2,A1,RMIN,4.201607
W26M,ES5Z,3852,25862.2,A5,RMIN,4.365625
W26M,ES5Z,3852,25862.2,A8,RMIN,3.292754
W26M,ES5Z,3852,25862.2,AC,RMIN,3.703574
W3X6,ES5Z,3852,25862.2,A1,R0,4.028408
W3X6,ES5Z,3852,25862.2,A5,R0,4.255853
W3X6,ES5Z,3852,25862.2,A8,R0,3.701544
W3X6,ES5Z,3852,25862.2,AC,R0,4.09225
W3X6,ES5Z,3852,25862.2,A1,RMAX,7.336393
W3X6,ES5Z,3852,25862.2,A5,RMAX,7.753328
W3X6,ES5Z,3852,25862.2,A8,RMAX,5.493219
W3X6,ES5Z,3852,25862.2,AC,RMAX,7.181791
W3X6,ES5Z,3852,25862.2,A1,RMIN,3.978756
W3X6,ES5Z,3852,25862.2,A5,RMIN,4.146854
W3X6,ES5Z,3852,25862.2,A8,RMIN,3.1536
W3X6,ES5Z,3852,25862.2,AC,RMIN,3.596447
W3X9,ES5Z,3852,25862.2,A1,R0,4.117045
W3X9,ES5Z,3852,25862.2,A5,R0,4.392022
W3X9,ES5Z,3852,25862.2,A8,R0,3.562263
W3X9,ES5Z,3852,25862.2,AC,R0,3.815621
W3X9,ES5Z,3852,25862.2,A1,RMAX,7.632638
W3X9,ES5Z,3852,25862.2,A5,RMAX,8.094247
W3X9,ES5Z,3852,25862.2,A8,RMAX,5.456376
W3X9,ES5Z,3852,25862.2,AC,RMAX,7.304116
W3X9,ES5Z,3852,25862.2,A1,RMIN,4.059602
W3X9,ES5Z,3852,25862.2,A5,RMIN,4.293266
W3X9,ES5Z,3852,25862.2,A8,RMIN,3.054986
W3X9,ES5Z,3852,25862.2,AC,RMIN,3.674038
W4PM,ES5Z,3852,25862.2,A1,R0,3.878976
W4PM,ES5Z,3852,25862.2,A5,R0,4.116734
W4PM,ES5Z,3852,25862.2,A8,R0,3.189071
W4PM,ES5Z,3852,25862.2,AC,R0,3.624758
W4PM,ES5Z,3852,25862.2,A1,RMAX,6.881687
W4PM,ES5Z,3852,25862.2,A5,RMAX,7.393564
W4PM,ES5Z,3852,25862.2,A8,RMAX,4.90534
W4PM,ES5Z,3852,25862.2,AC,RMAX,6.531654
W4PM,ES5Z,3852,25862.2,A1,RMIN,3.841392
W4PM,ES5Z,3852,25862.2,A5,RMIN,4.030192
W4PM,ES5Z,3852,25862.2,A8,RMIN,2.809366
W4PM,ES5Z,3852,25862.2,AC,RMIN,3.348339
W4WH,ES5Z,3852,25862.2,A1,R0,3.897894
W4WH,ES5Z,3852,25862.2,A5,R0,4.06039
W4WH,ES5Z,3852,25862.2,A8,R0,3.278617
W4WH,ES5Z,3852,25862.2,AC,R0,3.435114
W4WH,ES5Z,3852,25862.2,A1,RMAX,6.837953
W4WH,ES5Z,3852,25862.2,A5,RMAX,7.316271
W4WH,ES5Z,3852,25862.2,A8,RMAX,5.136419
W4WH,ES5Z,3852,25862.2,AC,RMAX,6.515979
W4WH,ES5Z,3852,25862.2,A1,RMIN,3.851487
W4WH,ES5Z,3852,25862.2,A5,RMIN,3.993347
W4WH,ES5Z,3852,25862.2,A8,RMIN,2.786126
W4WH,ES5Z,3852,25862.2,AC,RMIN,3.339951
W26M,FS5Z,26964,25862.2,A1,R0,4.28647
W26M,FS5Z,26964,25862.2,A5,R0,4.453107
W26M,FS5Z,26964,25862.2,A8,R0,3.863516
W26M,FS5Z,26964,25862.2,AC,R0,3.832147
W26M,FS5Z,26964,25862.2,A1,RMAX,7.879571
W26M,FS5Z,26964,25862.2,A5,RMAX,8.088794
W26M,FS5Z,26964,25862.2,A8,RMAX,5.881683
W26M,FS5Z,26964,25862.2,AC,RMAX,7.356515
W26M,FS5Z,26964,25862.2,A1,RMIN,4.228081
W26M,FS5Z,26964,25862.2,A5,RMIN,4.333618
W26M,FS5Z,26964,25862.2,A8,RMIN,3.230578
W26M,FS5Z,26964,25862.2,AC,RMIN,3.669983
W3X6,FS5Z,26964,25862.2,A1,R0,4.079518
W3X6,FS5Z,26964,25862.2,A5,R0,4.351498
W3X6,FS5Z,26964,25862.2,A8,R0,3.669084
W3X6,FS5Z,26964,25862.2,AC,R0,4.126019
W3X6,FS5Z,26964,25862.2,A1,RMAX,7.504209
W3X6,FS5Z,26964,25862.2,A5,RMAX,7.83381
W3X6,FS5Z,26964,25862.2,A8,RMAX,5.407148
W3X6,FS5Z,26964,25862.2,AC,RMAX,7.200019
W3X6,FS5Z,26964,25862.2,A1,RMIN,4.041709
W3X6,FS5Z,26964,25862.2,A5,RMIN,4.235799
W3X6,FS5Z,26964,25862.2,A8,RMIN,3.158543
W3X6,FS5Z,26964,25862.2,AC,RMIN,3.612827
W3X9,FS5Z,26964,25862.2,A1,R0,4.17034
W3X9,FS5Z,26964,25862.2,A5,R0,4.456509
W3X9,FS5Z,26964,25862.2,A8,R0,3.794396
W3X9,FS5Z,26964,25862.2,AC,R0,3.914688
W3X9,FS5Z,26964,25862.2,A1,RMAX,7.62456
W3X9,FS5Z,26964,25862.2,A5,RMAX,8.203835
W3X9,FS5Z,26964,25862.2,A8,RMAX,5.681559
W3X9,FS5Z,26964,25862.2,AC,RMAX,7.474216
W3X9,FS5Z,26964,25862.2,A1,RMIN,4.128029
W3X9,FS5Z,26964,25862.2,A5,RMIN,4.343063
W3X9,FS5Z,26964,25862.2,A8,RMIN,3.253546
W3X9,FS5Z,26964,25862.2,AC,RMIN,3.738145
W4PM,FS5Z,26964,25862.2,A1,R0,3.864818
W4PM,FS5Z,26964,25862.2,A5,R0,4.043256
W4PM,FS5Z,26964,25862.2,A8,R0,3.216131
W4PM,FS5Z,26964,25862.2,AC,R0,3.493537
W4PM,FS5Z,26964,25862.2,A1,RMAX,6.867265
W4PM,FS5Z,26964,25862.2,A5,RMAX,7.213701
W4PM,FS5Z,26964,25862.2,A8,RMAX,5.001139
W4PM,FS5Z,26964,25862.2,AC,RMAX,6.477233
W4PM,FS5Z,26964,25862.2,A1,RMIN,3.821218
W4PM,FS5Z,26964,25862.2,A5,RMIN,3.957272
W4PM,FS5Z,26964,25862.2,A8,RMIN,2.793551
W4PM,FS5Z,26964,25862.2,AC,RMIN,3.306853
W4WH,FS5Z,26964,25862.2,A1,R0,3.854596
W4WH,FS5Z,26964,25862.2,A5,R0,4.071659
W4WH,FS5Z,26964,25862.2,A8,R0,3.287014
W4WH,FS5Z,26964,25862.2,AC,R0,3.606734
W4WH,FS5Z,26964,25862.2,A1,RMAX,6.808902
W4WH,FS5Z,26964,25862.2,A5,RMAX,7.327705
W4WH,FS5Z,26964,25862.2,A8,RMAX,5.139686
W4WH,FS5Z,26964,25862.2,AC,RMAX,6.404822
W4WH,FS5Z,26964,25862.2,A1,RMIN,3.814927
W4WH,FS5Z,26964,25862.2,A5,RMIN,4.003087
W4WH,FS5Z,26964,25862.2,A8,RMIN,2.795781
W4WH,FS5Z,26964,25862.2,AC,RMIN,3.321478
W26M,GS5Z,50076,25862.2,A1,R0,4.214921
W26M,GS5Z,50076,25862.2,A5,R0,4.446951
W26M,GS5Z,50076,25862.2,A8,R0,3.874563
W26M,GS5Z,50076,25862.2,AC,R0,3.863758
W26M,GS5Z,50076,25862.2,A1,RMAX,7.807915
W26M,GS5Z,50076,25862.2,A5,RMAX,8.181829
W26M,GS5Z,50076,25862.2,A8,RMAX,5.946826
W26M,GS5Z,50076,25862.2,AC,RMAX,7.382204
W26M,GS5Z,50076,25862.2,A1,RMIN,4.166308
W26M,GS5Z,50076,25862.2,A5,RMIN,4.369156
W26M,GS5Z,50076,25862.2,A8,RMIN,3.231819
W26M,GS5Z,50076,25862.2,AC,RMIN,3.718426
W3X6,GS5Z,50076,25862.2,A1,R0,4.046827
W3X6,GS5Z,50076,25862.2,A5,R0,4.366676
W3X6,GS5Z,50076,25862.2,A8,R0,3.729083
W3X6,GS5Z,50076,25862.2,AC,R0,3.785954
W3X6,GS5Z,50076,25862.2,A1,RMAX,7.480374
W3X6,GS5Z,50076,25862.2,A5,RMAX,7.928968
W3X6,GS5Z,50076,25862.2,A8,RMAX,5.497127
W3X6,GS5Z,50076,25862.2,AC,RMAX,7.124856
W3X6,GS5Z,50076,25862.2,A1,RMIN,3.996546
W3X6,GS5Z,50076,25862.2,A5,RMIN,4.238752
W3X6,GS5Z,50076,25862.2,A8,RMIN,3.193784
W3X6,GS5Z,50076,25862.2,AC,RMIN,3.611334
W3X9,GS5Z,50076,25862.2,A1,R0,4.226684
W3X9,GS5Z,50076,25862.2,A5,R0,4.438415
W3X9,GS5Z,50076,25862.2,A8,R0,3.740347
W3X9,GS5Z,50076,25862.2,AC,R0,3.945864
W3X9,GS5Z,50076,25862.2,A1,RMAX,7.81938
W3X9,GS5Z,50076,25862.2,A5,RMAX,8.173692
W3X9,GS5Z,50076,25862.2,A8,RMAX,5.7447
W3X9,GS5Z,50076,25862.2,AC,RMAX,7.590015
W3X9,GS5Z,50076,25862.2,A1,RMIN,4.183448
W3X9,GS5Z,50076,25862.2,A5,RMIN,4.353943
W3X9,GS5Z,50076,25862.2,A8,RMIN,3.19682
W3X9,GS5Z,50076,25862.2,AC,RMIN,3.800976
W4PM,GS5Z,50076,25862.2,A1,R0,3.805708
W4PM,GS5Z,50076,25862.2,A5,R0,4.050126
W4PM,GS5Z,50076,25862.2,A8,R0,3.152803
W4PM,GS5Z,50076,25862.2,AC,R0,3.525459
W4PM,GS5Z,50076,25862.2,A1,RMAX,6.843249
W4PM,GS5Z,50076,25862.2,A5,RMAX,7.232873
W4PM,GS5Z,50076,25862.2,A8,RMAX,4.920242
W4PM,GS5Z,50076,25862.2,AC,RMAX,6.703143
W4PM,GS5Z,50076,25862.2,A1,RMIN,3.765733
W4PM,GS5Z,50076,25862.2,A5,RMIN,3.97014
W4PM,GS5Z,50076,25862.2,A8,RMIN,2.76578
W4PM,GS5Z,50076,25862.2,AC,RMIN,3.417698
W4WH,GS5Z,50076,25862.2,A1,R0,3.852594
W4WH,GS5Z,50076,25862.2,A5,R0,4.073382
W4WH,GS5Z,50076,25862.2,A8,R0,3.171995
W4WH,GS5Z,50076,25862.2,AC,R0,3.477865
W4WH,GS5Z,50076,25862.2,A1,RMAX,6.898128
W4WH,GS5Z,50076,25862.2,A5,RMAX,7.312036
W4WH,GS5Z,50076,25862.2,A8,RMAX,4.979081
W4WH,GS5Z,50076,25862.2,AC,RMAX,6.543
W4WH,GS5Z,50076,25862.2,A1,RMIN,3.817332
W4WH,GS5Z,50076,25862.2,A5,RMIN,3.98788
W4WH,GS5Z,50076,25862.2,A8,RMIN,2.742842
W4WH,GS5Z,50076,25862.2,AC,RMIN,3.352191
W26M,HS5Z,73188,25862.2,A1,R0,4.299019
W26M,HS5Z,73188,25862.2,A5,R0,4.554533
W26M,HS5Z,73188,25862.2,A8,R0,3.7844
W26M,HS5Z,73188,25862.2,AC,R0,3.891334
W26M,HS5Z,73188,25862.2,A1,RMAX,7.932951
W26M,HS5Z,73188,25862.2,A5,RMAX,8.275748
W26M,HS5Z,73188,25862.2,A8,RMAX,5.857966
W26M,HS5Z,73188,25862.2,AC,RMAX,7.506569
W26M,HS5Z,73188,25862.2,A1,RMIN,4.242137
W26M,HS5Z,73188,25862.2,A5,RMIN,4.432624
W26M,HS5Z,73188,25862.2,A8,RMIN,3.206286
W26M,HS5Z,73188,25862.2,AC,RMIN,3.753099
W3X6,HS5Z,73188,25862.2,A1,R0,4.098818
W3X6,HS5Z,73188,25862.2,A5,R0,4.435212
W3X6,HS5Z,73188,25862.2,A8,R0,3.685526
W3X6,HS5Z,73188,25862.2,AC,R0,4.060039
W3X6,HS5Z,73188,25862.2,A1,RMAX,7.554781
W3X6,HS5Z,73188,25862.2,A5,RMAX,7.927168
W3X6,HS5Z,73188,25862.2,A8,RMAX,5.539444
W3X6,HS5Z,73188,25862.2,AC,RMAX,7.326633
W3X6,HS5Z,73188,25862.2,A1,RMIN,4.05181
W3X6,HS5Z,73188,25862.2,A5,RMIN,4.299876
W3X6,HS5Z,73188,25862.2,A8,RMIN,3.156519
W3X6,HS5Z,73188,25862.2,AC,RMIN,3.722967
W3X9,HS5Z,73188,25862.2,A1,R0,4.351591
W3X9,HS5Z,73188,25862.2,A5,R0,4.624918
W3X9,HS5Z,73188,25862.2,A8,R0,3.707206
W3X9,HS5Z,73188,25862.2,AC,R0,4.325479
W3X9,HS5Z,73188,25862.2,A1,RMAX,7.78385
W3X9,HS5Z,73188,25862.2,A5,RMAX,8.368776
W3X9,HS5Z,73188,25862.2,A8,RMAX,5.554101
W3X9,HS5Z,73188,25862.2,AC,RMAX,7.882562
W3X9,HS5Z,73188,25862.2,A1,RMIN,4.281851
W3X9,HS5Z,73188,25862.2,A5,RMIN,4.476408
W3X9,HS5Z,73188,25862.2,A8,RMIN,3.187533
W3X9,HS5Z,73188,25862.2,AC,RMIN,3.962026
W4PM,HS5Z,73188,25862.2,A1,R0,3.854579
W4PM,HS5Z,73188,25862.2,A5,R0,4.128756
W4PM,HS5Z,73188,25862.2,A8,R0,3.2171
W4PM,HS5Z,73188,25862.2,AC,R0,3.606723
W4PM,HS5Z,73188,25862.2,A1,RMAX,6.853537
W4PM,HS5Z,73188,25862.2,A5,RMAX,7.377932
W4PM,HS5Z,73188,25862.2,A8,RMAX,5.022436
W4PM,HS5Z,73188,25862.2,AC,RMAX,6.72128
W4PM,HS5Z,73188,25862.2,A1,RMIN,3.817367
W4PM,HS5Z,73188,25862.2,A5,RMIN,4.038451
W4PM,HS5Z,73188,25862.2,A8,RMIN,2.777798
W4PM,HS5Z,73188,25862.2,AC,RMIN,3.466785
W4WH,HS5Z,73188,25862.2,A1,R0,3.919927
W4WH,HS5Z,73188,25862.2,A5,R0,4.145874
W4WH,HS5Z,73188,25862.2,A8,R0,3.209494
W4WH,HS5Z,73188,25862.2,AC,R0,3.53342
W4WH,HS5Z,73188,25862.2,A1,RMAX,6.996237
W4WH,HS5Z,73188,25862.2,A5,RMAX,7.33982
W4WH,HS5Z,73188,25862.2,A8,RMAX,4.98929
W4WH,HS5Z,73188,25862.2,AC,RMAX,6.548713
W4WH,HS5Z,73188,25862.2,A1,RMIN,3.869068
W4WH,HS5Z,73188,25862.2,A5,RMIN,4.047398
W4WH,HS5Z,73188,25862.2,A8,RMIN,2.791436
W4WH,HS5Z,73188,25862.2,AC,RMIN,3.40459
